 ,# Branches,# Junctions,# End-point voxels,# Junction voxels,# Slab voxels,Average Branch Length,# Triple points,# Quadruple points,Maximum Branch Length
1,1,0,2,0,9,0.113,0,0,0.113
2,1,0,2,0,6,0.090,0,0,0.090
3,1,0,2,0,25,0.331,0,0,0.331
4,1,0,2,0,2,0.031,0,0,0.031
5,1,0,2,0,14,0.178,0,0,0.178
6,1,0,2,0,14,0.191,0,0,0.191
7,1,0,2,0,17,0.222,0,0,0.222
8,1,0,2,0,9,0.130,0,0,0.130
9,1,0,2,0,6,0.086,0,0,0.086
10,1,0,2,0,2,0.040,0,0,0.040
11,1,0,2,0,0,0.010,0,0,0.010
12,1,0,2,0,1,0.021,0,0,0.021
13,1,0,2,0,8,0.120,0,0,0.120
14,1,0,2,0,4,0.065,0,0,0.065
15,1,0,2,0,0,0.010,0,0,0.010
16,1,0,2,0,2,0.040,0,0,0.040
17,8,3,6,21,59,0.129,2,1,0.266
18,1,0,2,0,4,0.061,0,0,0.061
19,1,0,2,0,2,0.036,0,0,0.036
20,1,0,2,0,1,0.029,0,0,0.029
21,1,0,2,0,6,0.094,0,0,0.094
22,1,0,2,0,0,0.015,0,0,0.015
23,1,0,2,0,6,0.086,0,0,0.086
24,16,8,6,27,101,0.101,6,2,0.326
25,0,0,1,0,0,0.000,0,0,0.000
26,1,0,2,0,1,0.029,0,0,0.029
27,1,0,2,0,0,0.010,0,0,0.010
28,0,0,1,0,0,0.000,0,0,0.000
29,1,0,2,0,3,0.042,0,0,0.042
30,1,0,2,0,1,0.025,0,0,0.025
31,1,0,2,0,4,0.061,0,0,0.061
32,0,0,1,0,0,0.000,0,0,0.000
33,1,0,2,0,0,0.010,0,0,0.010
34,1,0,2,0,0,0.015,0,0,0.015
35,0,0,1,0,0,0.000,0,0,0.000
36,1,0,2,0,1,0.029,0,0,0.029
37,1,0,2,0,1,0.021,0,0,0.021
38,1,0,2,0,1,0.021,0,0,0.021
39,3,1,2,2,3,0.025,0,1,0.040
40,1,0,2,0,2,0.036,0,0,0.036
41,1,0,2,0,0,0.015,0,0,0.015
42,1,0,2,0,2,0.036,0,0,0.036
43,1,0,2,0,0,0.015,0,0,0.015
44,5,2,4,8,33,0.106,2,0,0.249
45,1,0,2,0,6,0.094,0,0,0.094
46,1,0,2,0,0,0.010,0,0,0.010
47,0,0,1,0,0,0.000,0,0,0.000
48,0,0,1,0,0,0.000,0,0,0.000
49,3,1,2,2,20,0.096,0,1,0.241
50,0,0,1,0,0,0.000,0,0,0.000
51,14,6,8,20,70,0.088,4,2,0.228
52,1,0,2,0,20,0.245,0,0,0.245
53,1,0,2,0,2,0.040,0,0,0.040
54,1,0,2,0,1,0.021,0,0,0.021
55,0,0,1,0,0,0.000,0,0,0.000
56,1,0,2,0,1,0.025,0,0,0.025
57,1,0,2,0,0,0.015,0,0,0.015
58,1,0,2,0,0,0.010,0,0,0.010
59,1,0,2,0,1,0.025,0,0,0.025
60,1,0,2,0,2,0.040,0,0,0.040
61,1,0,2,0,3,0.046,0,0,0.046
62,1,0,2,0,12,0.157,0,0,0.157
63,1,0,2,0,3,0.050,0,0,0.050
64,32,18,9,67,180,0.098,17,1,0.433
65,8,4,4,12,39,0.081,4,0,0.178
66,1,0,2,0,11,0.155,0,0,0.155
67,0,0,1,0,0,0.000,0,0,0.000
68,0,0,1,0,0,0.000,0,0,0.000
69,8,4,3,14,33,0.081,3,1,0.142
70,0,0,1,0,0,0.000,0,0,0.000
71,1,0,2,0,1,0.021,0,0,0.021
72,0,0,1,0,0,0.000,0,0,0.000
73,1,0,2,0,7,0.083,0,0,0.083
74,0,0,1,0,0,0.000,0,0,0.000
75,1,0,2,0,0,0.010,0,0,0.010
76,1,0,2,0,2,0.036,0,0,0.036
77,0,0,1,0,0,0.000,0,0,0.000
78,1,0,2,0,0,0.010,0,0,0.010
79,1,0,2,0,1,0.029,0,0,0.029
80,0,0,1,0,0,0.000,0,0,0.000
81,1,0,2,0,0,0.010,0,0,0.010
82,1,0,2,0,2,0.040,0,0,0.040
83,1,0,2,0,0,0.015,0,0,0.015
84,1,0,2,0,7,0.105,0,0,0.105
85,1,0,2,0,1,0.029,0,0,0.029
86,1,0,2,0,0,0.010,0,0,0.010
87,1,0,2,0,1,0.021,0,0,0.021
88,1,0,2,0,0,0.010,0,0,0.010
89,0,0,1,0,0,0.000,0,0,0.000
90,1,0,2,0,12,0.157,0,0,0.157
91,1,0,2,0,2,0.031,0,0,0.031
92,30,14,17,50,202,0.107,13,1,0.304
93,5,2,3,7,28,0.098,1,1,0.176
94,1,0,2,0,0,0.010,0,0,0.010
95,1,0,2,0,0,0.015,0,0,0.015
96,1,0,2,0,1,0.025,0,0,0.025
97,12,6,6,26,84,0.112,4,1,0.458
98,1,0,2,0,0,0.015,0,0,0.015
99,1,0,2,0,3,0.046,0,0,0.046
100,12,5,8,23,121,0.155,4,1,0.467
101,1,0,2,0,7,0.088,0,0,0.088
102,1,0,2,0,0,0.010,0,0,0.010
103,5,2,4,4,50,0.141,2,0,0.310
104,1,0,2,0,3,0.050,0,0,0.050
105,1,0,2,0,2,0.036,0,0,0.036
106,0,0,1,0,0,0.000,0,0,0.000
107,0,0,1,0,0,0.000,0,0,0.000
108,1,0,2,0,13,0.159,0,0,0.159
109,3,1,3,7,29,0.146,1,0,0.350
110,1,0,2,0,17,0.209,0,0,0.209
111,1,0,2,0,0,0.010,0,0,0.010
112,3,1,3,4,10,0.066,1,0,0.157
113,3,1,3,4,12,0.071,1,0,0.132
114,1,0,2,0,5,0.075,0,0,0.075
115,1,0,2,0,3,0.046,0,0,0.046
116,1,0,2,0,0,0.015,0,0,0.015
117,1,0,2,0,0,0.015,0,0,0.015
118,1,0,2,0,2,0.036,0,0,0.036
119,1,0,2,0,0,0.015,0,0,0.015
120,1,0,2,0,0,0.015,0,0,0.015
121,1,0,2,0,1,0.025,0,0,0.025
122,0,0,1,0,0,0.000,0,0,0.000
123,1,0,2,0,1,0.025,0,0,0.025
124,1,0,2,0,4,0.061,0,0,0.061
125,1,0,2,0,3,0.042,0,0,0.042
126,1,0,2,0,25,0.314,0,0,0.314
127,0,0,1,0,0,0.000,0,0,0.000
128,1,0,2,0,0,0.010,0,0,0.010
129,1,0,2,0,7,0.092,0,0,0.092
130,1,0,2,0,1,0.021,0,0,0.021
131,1,0,2,0,1,0.025,0,0,0.025
132,1,0,2,0,4,0.065,0,0,0.065
133,1,0,2,0,1,0.025,0,0,0.025
134,0,0,1,0,0,0.000,0,0,0.000
135,1,0,2,0,7,0.101,0,0,0.101
136,1,0,2,0,1,0.021,0,0,0.021
137,1,0,2,0,1,0.021,0,0,0.021
138,1,0,2,0,3,0.050,0,0,0.050
139,6,2,5,14,39,0.118,1,1,0.207
140,1,0,2,0,1,0.021,0,0,0.021
141,3,1,3,1,42,0.182,1,0,0.339
142,1,0,2,0,2,0.031,0,0,0.031
143,29,13,15,52,168,0.098,9,4,0.300
144,1,0,2,0,2,0.036,0,0,0.036
145,3,1,2,2,9,0.047,0,1,0.071
146,1,0,2,0,1,0.025,0,0,0.025
147,1,0,2,0,0,0.015,0,0,0.015
148,3,1,3,3,9,0.059,1,0,0.140
149,1,0,2,0,3,0.046,0,0,0.046
150,1,0,2,0,0,0.010,0,0,0.010
151,1,0,2,0,4,0.065,0,0,0.065
152,0,0,1,0,0,0.000,0,0,0.000
153,0,0,1,0,0,0.000,0,0,0.000
154,1,0,2,0,0,0.010,0,0,0.010
155,1,0,2,0,8,0.107,0,0,0.107
156,0,0,1,0,0,0.000,0,0,0.000
157,1,0,2,0,0,0.010,0,0,0.010
158,1,0,2,0,0,0.015,0,0,0.015
159,1,0,2,0,2,0.040,0,0,0.040
160,1,0,2,0,1,0.029,0,0,0.029
161,12,6,6,16,61,0.084,6,0,0.154
162,0,0,1,0,0,0.000,0,0,0.000
163,1,0,2,0,4,0.056,0,0,0.056
164,1,0,2,0,0,0.010,0,0,0.010
165,1,0,2,0,3,0.050,0,0,0.050
166,1,0,2,0,0,0.015,0,0,0.015
167,1,0,2,0,1,0.025,0,0,0.025
168,3,1,3,4,26,0.128,1,0,0.172
169,1,0,2,0,0,0.010,0,0,0.010
170,3,1,3,4,35,0.167,1,0,0.251
171,1,0,2,0,1,0.025,0,0,0.025
172,1,0,2,0,0,0.010,0,0,0.010
173,1,0,2,0,7,0.101,0,0,0.101
174,3,1,2,2,10,0.057,0,1,0.134
175,0,0,1,0,0,0.000,0,0,0.000
176,1,0,2,0,0,0.015,0,0,0.015
177,1,0,2,0,0,0.015,0,0,0.015
178,1,0,2,0,1,0.021,0,0,0.021
179,3,1,3,3,8,0.051,1,0,0.096
180,0,0,1,0,0,0.000,0,0,0.000
181,1,0,2,0,1,0.025,0,0,0.025
182,1,0,2,0,13,0.159,0,0,0.159
183,1,0,2,0,5,0.071,0,0,0.071
184,1,0,2,0,1,0.029,0,0,0.029
185,3,1,3,3,9,0.054,1,0,0.056
186,1,0,2,0,3,0.050,0,0,0.050
187,7,3,5,8,46,0.100,3,0,0.335
188,3,1,3,4,9,0.062,1,0,0.075
189,5,2,4,6,22,0.076,2,0,0.121
190,1,0,2,0,2,0.036,0,0,0.036
191,1,0,2,0,4,0.065,0,0,0.065
192,0,0,1,0,0,0.000,0,0,0.000
193,7,3,5,8,97,0.196,3,0,0.524
194,1,0,2,0,1,0.021,0,0,0.021
195,1,0,2,0,0,0.010,0,0,0.010
196,1,0,2,0,12,0.166,0,0,0.166
197,1,0,2,0,1,0.025,0,0,0.025
198,1,0,2,0,15,0.188,0,0,0.188
199,1,0,2,0,7,0.101,0,0,0.101
200,1,0,2,0,18,0.241,0,0,0.241
201,1,0,2,0,1,0.029,0,0,0.029
202,1,0,2,0,4,0.065,0,0,0.065
203,1,0,2,0,1,0.025,0,0,0.025
204,1,0,2,0,1,0.025,0,0,0.025
205,1,0,2,0,9,0.126,0,0,0.126
206,1,0,2,0,1,0.025,0,0,0.025
207,1,0,2,0,0,0.015,0,0,0.015
208,1,0,2,0,0,0.010,0,0,0.010
209,1,0,2,0,1,0.021,0,0,0.021
210,7,3,5,10,26,0.065,3,0,0.107
211,1,0,2,0,2,0.036,0,0,0.036
212,1,0,2,0,3,0.050,0,0,0.050
213,1,0,2,0,2,0.036,0,0,0.036
214,1,0,2,0,0,0.010,0,0,0.010
215,1,0,2,0,9,0.130,0,0,0.130
216,1,0,2,0,2,0.040,0,0,0.040
217,1,0,2,0,0,0.015,0,0,0.015
218,1,0,2,0,2,0.036,0,0,0.036
219,1,0,2,0,0,0.015,0,0,0.015
220,1,0,2,0,0,0.015,0,0,0.015
221,1,0,2,0,0,0.010,0,0,0.010
222,1,0,2,0,3,0.046,0,0,0.046
223,1,0,2,0,0,0.010,0,0,0.010
224,1,0,2,0,11,0.155,0,0,0.155
225,1,0,2,0,2,0.040,0,0,0.040
226,1,0,2,0,5,0.071,0,0,0.071
227,1,0,2,0,2,0.036,0,0,0.036
228,1,0,2,0,6,0.082,0,0,0.082
229,1,0,2,0,6,0.082,0,0,0.082
230,0,0,1,0,0,0.000,0,0,0.000
231,0,0,1,0,0,0.000,0,0,0.000
232,1,0,2,0,0,0.010,0,0,0.010
233,1,0,2,0,0,0.010,0,0,0.010
234,1,0,2,0,6,0.082,0,0,0.082
235,1,0,2,0,5,0.071,0,0,0.071
236,3,1,3,4,22,0.114,1,0,0.136
237,1,0,2,0,12,0.153,0,0,0.153
238,0,0,1,0,0,0.000,0,0,0.000
239,1,0,2,0,7,0.105,0,0,0.105
240,19,9,10,35,152,0.121,8,1,0.387
241,3,1,3,4,27,0.133,1,0,0.191
242,3,1,3,4,100,0.433,1,0,1.020
243,1,0,2,0,0,0.010,0,0,0.010
244,1,0,2,0,17,0.231,0,0,0.231
245,5,2,4,4,18,0.065,2,0,0.142
246,1,0,2,0,7,0.101,0,0,0.101
247,0,0,1,0,0,0.000,0,0,0.000
248,1,0,2,0,2,0.036,0,0,0.036
249,5,2,4,6,24,0.083,2,0,0.111
250,1,0,2,0,12,0.170,0,0,0.170
251,1,0,2,0,0,0.010,0,0,0.010
252,1,0,2,0,0,0.015,0,0,0.015
253,1,0,2,0,5,0.071,0,0,0.071
254,1,0,2,0,0,0.015,0,0,0.015
255,17,7,10,25,177,0.157,4,3,0.430
256,1,0,2,0,1,0.025,0,0,0.025
257,1,0,2,0,1,0.025,0,0,0.025
258,1,0,2,0,5,0.071,0,0,0.071
259,7,3,5,8,33,0.077,3,0,0.161
260,1,0,2,0,5,0.062,0,0,0.062
261,1,0,2,0,1,0.021,0,0,0.021
262,1,0,2,0,0,0.015,0,0,0.015
263,9,3,7,13,42,0.089,2,0,0.185
264,1,0,2,0,3,0.042,0,0,0.042
265,1,0,2,0,3,0.050,0,0,0.050
266,1,0,2,0,0,0.010,0,0,0.010
267,1,0,2,0,0,0.010,0,0,0.010
268,1,0,2,0,1,0.025,0,0,0.025
269,1,0,2,0,11,0.142,0,0,0.142
270,1,0,2,0,1,0.021,0,0,0.021
271,0,0,1,0,0,0.000,0,0,0.000
272,1,0,2,0,1,0.021,0,0,0.021
273,1,0,2,0,0,0.015,0,0,0.015
274,1,0,2,0,14,0.178,0,0,0.178
275,1,0,2,0,1,0.025,0,0,0.025
276,1,0,2,0,0,0.015,0,0,0.015
277,1,0,2,0,1,0.025,0,0,0.025
278,1,0,2,0,0,0.010,0,0,0.010
279,1,0,2,0,1,0.029,0,0,0.029
280,0,0,1,0,0,0.000,0,0,0.000
281,3,1,3,1,26,0.111,1,0,0.221
282,1,0,2,0,0,0.010,0,0,0.010
283,29,13,16,45,148,0.090,10,3,0.233
284,1,0,2,0,5,0.075,0,0,0.075
285,1,0,2,0,1,0.025,0,0,0.025
286,0,0,1,0,0,0.000,0,0,0.000
287,1,0,2,0,1,0.025,0,0,0.025
288,1,0,2,0,1,0.025,0,0,0.025
289,0,0,1,0,0,0.000,0,0,0.000
290,0,0,1,0,0,0.000,0,0,0.000
291,1,0,2,0,3,0.046,0,0,0.046
292,6,2,5,13,30,0.100,1,1,0.121
293,5,2,4,5,21,0.066,2,0,0.077
294,6,2,5,8,46,0.117,1,1,0.261
295,0,0,1,0,0,0.000,0,0,0.000
296,1,0,2,0,0,0.010,0,0,0.010
297,1,0,2,0,0,0.010,0,0,0.010
298,1,0,2,0,8,0.107,0,0,0.107
299,1,0,2,0,3,0.050,0,0,0.050
300,1,0,2,0,0,0.010,0,0,0.010
301,1,0,2,0,0,0.010,0,0,0.010
302,1,0,2,0,0,0.015,0,0,0.015
303,0,0,1,0,0,0.000,0,0,0.000
304,1,0,2,0,1,0.029,0,0,0.029
305,1,0,2,0,0,0.010,0,0,0.010
306,1,0,2,0,2,0.044,0,0,0.044
307,1,0,2,0,5,0.080,0,0,0.080
308,0,0,1,0,0,0.000,0,0,0.000
309,1,0,2,0,1,0.025,0,0,0.025
310,1,0,2,0,0,0.015,0,0,0.015
311,1,0,2,0,0,0.015,0,0,0.015
312,1,0,2,0,9,0.108,0,0,0.108
313,1,0,2,0,2,0.036,0,0,0.036
314,0,0,1,0,0,0.000,0,0,0.000
315,1,0,2,0,9,0.117,0,0,0.117
316,1,0,2,0,4,0.065,0,0,0.065
317,1,0,2,0,2,0.031,0,0,0.031
318,0,0,1,0,0,0.000,0,0,0.000
319,1,0,2,0,1,0.025,0,0,0.025
320,1,0,2,0,6,0.077,0,0,0.077
321,1,0,2,0,0,0.010,0,0,0.010
322,3,1,3,4,6,0.048,1,0,0.069
323,1,0,2,0,6,0.086,0,0,0.086
324,1,0,2,0,0,0.010,0,0,0.010
325,1,0,2,0,3,0.055,0,0,0.055
326,0,0,1,0,0,0.000,0,0,0.000
327,1,0,2,0,17,0.196,0,0,0.196
328,1,0,2,0,3,0.046,0,0,0.046
329,1,0,2,0,5,0.075,0,0,0.075
330,3,1,3,4,8,0.057,1,0,0.105
331,1,0,2,0,7,0.105,0,0,0.105
332,1,0,2,0,0,0.010,0,0,0.010
333,1,0,2,0,5,0.067,0,0,0.067
334,1,0,2,0,39,0.490,0,0,0.490
335,1,0,2,0,2,0.036,0,0,0.036
336,1,0,2,0,0,0.010,0,0,0.010
337,1,0,2,0,0,0.015,0,0,0.015
338,0,0,1,0,0,0.000,0,0,0.000
339,1,0,2,0,18,0.215,0,0,0.215
340,1,0,2,0,2,0.036,0,0,0.036
341,0,0,1,0,0,0.000,0,0,0.000
342,0,0,1,0,0,0.000,0,0,0.000
343,0,0,1,0,0,0.000,0,0,0.000
344,23,11,11,42,141,0.104,9,2,0.342
345,1,0,2,0,3,0.046,0,0,0.046
346,1,0,2,0,3,0.042,0,0,0.042
347,1,0,2,0,2,0.040,0,0,0.040
348,0,0,1,0,0,0.000,0,0,0.000
349,1,0,2,0,6,0.077,0,0,0.077
350,14,7,6,21,122,0.130,6,1,0.404
351,1,0,2,0,4,0.056,0,0,0.056
352,1,0,2,0,1,0.025,0,0,0.025
353,0,0,1,0,0,0.000,0,0,0.000
354,1,0,2,0,1,0.025,0,0,0.025
355,1,0,2,0,0,0.015,0,0,0.015
356,1,0,2,0,10,0.132,0,0,0.132
357,1,0,2,0,4,0.065,0,0,0.065
358,1,0,2,0,5,0.062,0,0,0.062
359,1,0,2,0,1,0.025,0,0,0.025
360,1,0,2,0,1,0.025,0,0,0.025
361,1,0,2,0,0,0.010,0,0,0.010
362,1,0,2,0,4,0.061,0,0,0.061
363,1,0,2,0,4,0.061,0,0,0.061
364,9,4,5,11,37,0.071,3,1,0.212
365,1,0,2,0,7,0.114,0,0,0.114
366,1,0,2,0,0,0.010,0,0,0.010
367,1,0,2,0,2,0.036,0,0,0.036
368,1,0,2,0,12,0.153,0,0,0.153
369,1,0,2,0,1,0.025,0,0,0.025
370,1,0,2,0,0,0.010,0,0,0.010
371,1,0,2,0,0,0.015,0,0,0.015
372,1,0,2,0,0,0.015,0,0,0.015
373,1,0,2,0,2,0.031,0,0,0.031
374,1,0,2,0,1,0.029,0,0,0.029
375,1,0,2,0,1,0.025,0,0,0.025
376,0,0,1,0,0,0.000,0,0,0.000
377,1,0,2,0,2,0.040,0,0,0.040
378,0,0,1,0,0,0.000,0,0,0.000
379,1,0,2,0,1,0.029,0,0,0.029
380,0,0,1,0,0,0.000,0,0,0.000
381,1,0,2,0,1,0.025,0,0,0.025
382,1,0,2,0,1,0.021,0,0,0.021
383,1,0,2,0,2,0.040,0,0,0.040
384,1,0,2,0,0,0.010,0,0,0.010
385,0,0,1,0,0,0.000,0,0,0.000
386,0,0,1,0,0,0.000,0,0,0.000
387,1,0,2,0,1,0.025,0,0,0.025
388,1,0,2,0,1,0.025,0,0,0.025
389,1,0,2,0,0,0.010,0,0,0.010
390,7,3,5,11,30,0.078,3,0,0.132
391,1,0,2,0,0,0.015,0,0,0.015
392,1,0,2,0,1,0.021,0,0,0.021
393,1,0,2,0,0,0.010,0,0,0.010
394,1,0,2,0,0,0.015,0,0,0.015
395,1,0,2,0,2,0.040,0,0,0.040
396,1,0,2,0,4,0.061,0,0,0.061
397,1,0,2,0,0,0.010,0,0,0.010
398,1,0,2,0,0,0.015,0,0,0.015
399,1,0,2,0,0,0.015,0,0,0.015
400,1,0,2,0,0,0.015,0,0,0.015
401,1,0,2,0,0,0.010,0,0,0.010
402,1,0,2,0,4,0.061,0,0,0.061
403,0,0,1,0,0,0.000,0,0,0.000
404,1,0,2,0,9,0.113,0,0,0.113
405,1,0,2,0,0,0.015,0,0,0.015
406,1,0,2,0,2,0.036,0,0,0.036
407,1,0,2,0,4,0.061,0,0,0.061
408,1,0,2,0,0,0.015,0,0,0.015
409,1,0,2,0,7,0.101,0,0,0.101
410,3,1,3,3,7,0.047,1,0,0.107
411,1,0,2,0,11,0.138,0,0,0.138
412,1,0,2,0,2,0.040,0,0,0.040
413,5,2,4,8,29,0.095,2,0,0.258
414,1,0,2,0,8,0.107,0,0,0.107
415,1,0,2,0,2,0.036,0,0,0.036
416,1,0,2,0,6,0.086,0,0,0.086
417,17,9,7,24,103,0.096,9,0,0.319
418,5,2,4,5,29,0.088,2,0,0.182
419,1,0,2,0,12,0.157,0,0,0.157
420,0,0,1,0,0,0.000,0,0,0.000
421,1,0,2,0,2,0.040,0,0,0.040
422,5,2,4,6,20,0.070,2,0,0.126
423,3,1,3,4,5,0.045,1,0,0.071
424,1,0,2,0,10,0.140,0,0,0.140
425,1,0,2,0,1,0.029,0,0,0.029
426,1,0,2,0,5,0.067,0,0,0.067
427,0,0,1,0,0,0.000,0,0,0.000
428,31,15,14,59,200,0.108,12,3,0.297
429,3,1,3,3,11,0.066,1,0,0.096
430,1,0,2,0,0,0.010,0,0,0.010
431,1,0,2,0,6,0.086,0,0,0.086
432,1,0,2,0,0,0.010,0,0,0.010
433,1,0,2,0,0,0.010,0,0,0.010
434,1,0,2,0,0,0.015,0,0,0.015
435,1,0,2,0,0,0.015,0,0,0.015
436,1,0,2,0,1,0.025,0,0,0.025
437,1,0,2,0,0,0.010,0,0,0.010
438,1,0,2,0,3,0.046,0,0,0.046
439,1,0,2,0,2,0.040,0,0,0.040
440,1,0,2,0,10,0.128,0,0,0.128
441,1,0,2,0,0,0.015,0,0,0.015
442,1,0,2,0,1,0.025,0,0,0.025
443,1,0,2,0,9,0.130,0,0,0.130
444,1,0,2,0,4,0.061,0,0,0.061
445,0,0,1,0,0,0.000,0,0,0.000
446,8,3,6,15,81,0.157,2,1,0.467
447,1,0,2,0,1,0.025,0,0,0.025
448,1,0,2,0,9,0.130,0,0,0.130
449,1,0,2,0,0,0.010,0,0,0.010
450,6,3,3,17,30,0.100,3,0,0.186
451,1,0,2,0,10,0.123,0,0,0.123
452,1,0,2,0,0,0.015,0,0,0.015
453,1,0,2,0,3,0.046,0,0,0.046
454,1,0,2,0,0,0.015,0,0,0.015
455,1,0,2,0,4,0.069,0,0,0.069
456,0,0,1,0,0,0.000,0,0,0.000
457,0,0,1,0,0,0.000,0,0,0.000
458,3,1,3,3,14,0.077,1,0,0.136
459,0,0,1,0,0,0.000,0,0,0.000
460,34,16,18,55,227,0.108,15,0,0.351
461,1,0,2,0,2,0.031,0,0,0.031
462,1,0,2,0,1,0.025,0,0,0.025
463,1,0,2,0,3,0.050,0,0,0.050
464,18,9,8,37,164,0.142,8,1,0.346
465,1,0,2,0,0,0.010,0,0,0.010
466,1,0,2,0,0,0.010,0,0,0.010
467,0,0,1,0,0,0.000,0,0,0.000
468,3,1,3,1,17,0.084,1,0,0.151
469,1,0,2,0,2,0.031,0,0,0.031
470,1,0,2,0,5,0.071,0,0,0.071
471,1,0,2,0,1,0.021,0,0,0.021
472,1,0,2,0,1,0.025,0,0,0.025
473,1,0,2,0,0,0.010,0,0,0.010
474,1,0,2,0,9,0.130,0,0,0.130
475,1,0,2,0,0,0.010,0,0,0.010
476,1,0,2,0,14,0.199,0,0,0.199
477,0,0,1,0,0,0.000,0,0,0.000
478,1,0,2,0,5,0.080,0,0,0.080
479,1,0,2,0,21,0.281,0,0,0.281
480,1,0,2,0,2,0.031,0,0,0.031
481,1,0,2,0,4,0.056,0,0,0.056
482,0,0,1,0,0,0.000,0,0,0.000
483,0,0,1,0,0,0.000,0,0,0.000
484,1,0,2,0,19,0.230,0,0,0.230
485,1,0,2,0,1,0.021,0,0,0.021
486,1,0,2,0,13,0.185,0,0,0.185
487,1,0,2,0,1,0.021,0,0,0.021
488,1,0,2,0,3,0.042,0,0,0.042
489,8,4,4,15,29,0.071,4,0,0.101
490,1,0,2,0,0,0.010,0,0,0.010
491,1,0,2,0,6,0.082,0,0,0.082
492,1,0,2,0,16,0.203,0,0,0.203
493,8,4,4,11,85,0.150,4,0,0.495
494,1,0,2,0,9,0.117,0,0,0.117
495,1,0,2,0,0,0.010,0,0,0.010
496,1,0,2,0,1,0.021,0,0,0.021
497,0,0,1,0,0,0.000,0,0,0.000
498,0,0,1,0,0,0.000,0,0,0.000
499,1,0,2,0,3,0.050,0,0,0.050
500,3,1,3,1,17,0.086,1,0,0.138
501,3,1,3,3,17,0.088,1,0,0.128
502,1,0,2,0,4,0.065,0,0,0.065
503,1,0,2,0,19,0.239,0,0,0.239
504,1,0,2,0,0,0.015,0,0,0.015
505,1,0,2,0,1,0.025,0,0,0.025
506,1,0,2,0,9,0.126,0,0,0.126
507,1,0,2,0,0,0.010,0,0,0.010
508,1,0,2,0,6,0.073,0,0,0.073
509,3,1,3,1,7,0.040,1,0,0.050
510,0,0,1,0,0,0.000,0,0,0.000
511,3,1,2,2,13,0.066,0,1,0.161
512,1,0,2,0,8,0.115,0,0,0.115
513,1,0,2,0,11,0.160,0,0,0.160
514,9,4,6,11,73,0.119,4,0,0.399
515,1,0,2,0,0,0.010,0,0,0.010
516,1,0,2,0,10,0.132,0,0,0.132
517,0,0,1,0,0,0.000,0,0,0.000
518,0,0,1,0,0,0.000,0,0,0.000
519,1,0,2,0,4,0.065,0,0,0.065
520,0,0,1,0,0,0.000,0,0,0.000
521,1,0,2,0,0,0.015,0,0,0.015
522,1,0,2,0,2,0.036,0,0,0.036
523,1,0,2,0,1,0.025,0,0,0.025
524,1,0,2,0,0,0.010,0,0,0.010
525,1,0,2,0,6,0.082,0,0,0.082
526,7,3,4,12,38,0.094,2,1,0.199
527,1,0,2,0,0,0.015,0,0,0.015
528,1,0,2,0,1,0.021,0,0,0.021
529,3,1,3,4,28,0.128,1,0,0.180
530,1,0,2,0,1,0.021,0,0,0.021
531,1,0,2,0,0,0.010,0,0,0.010
532,3,1,3,1,9,0.050,1,0,0.107
533,1,0,2,0,13,0.154,0,0,0.154
534,1,0,2,0,11,0.142,0,0,0.142
535,1,0,2,0,0,0.015,0,0,0.015
536,1,0,2,0,0,0.015,0,0,0.015
537,1,0,2,0,0,0.015,0,0,0.015
538,1,0,2,0,0,0.010,0,0,0.010
539,1,0,2,0,0,0.010,0,0,0.010
540,1,0,2,0,0,0.010,0,0,0.010
541,1,0,2,0,0,0.010,0,0,0.010
542,1,0,2,0,0,0.015,0,0,0.015
543,0,0,1,0,0,0.000,0,0,0.000
544,1,0,2,0,9,0.126,0,0,0.126
545,1,0,2,0,1,0.021,0,0,0.021
546,1,0,2,0,30,0.405,0,0,0.405
547,1,0,2,0,0,0.015,0,0,0.015
548,1,0,2,0,6,0.086,0,0,0.086
549,1,0,2,0,2,0.040,0,0,0.040
550,1,0,2,0,1,0.021,0,0,0.021
551,1,0,2,0,22,0.300,0,0,0.300
552,3,1,3,1,22,0.104,1,0,0.147
553,1,0,2,0,0,0.010,0,0,0.010
554,1,0,2,0,6,0.082,0,0,0.082
555,1,0,2,0,0,0.010,0,0,0.010
556,1,0,2,0,8,0.102,0,0,0.102
557,1,0,2,0,2,0.036,0,0,0.036
558,1,0,2,0,21,0.264,0,0,0.264
559,1,0,2,0,3,0.046,0,0,0.046
560,1,0,2,0,0,0.010,0,0,0.010
561,1,0,2,0,0,0.010,0,0,0.010
562,1,0,2,0,1,0.025,0,0,0.025
563,1,0,2,0,1,0.021,0,0,0.021
564,0,0,1,0,0,0.000,0,0,0.000
565,1,0,2,0,0,0.010,0,0,0.010
566,1,0,2,0,5,0.075,0,0,0.075
567,18,9,7,32,84,0.086,7,2,0.274
568,1,0,2,0,10,0.123,0,0,0.123
569,1,0,2,0,0,0.010,0,0,0.010
570,1,0,2,0,1,0.021,0,0,0.021
571,1,0,2,0,1,0.025,0,0,0.025
572,1,0,2,0,2,0.031,0,0,0.031
573,0,0,1,0,0,0.000,0,0,0.000
574,0,0,1,0,0,0.000,0,0,0.000
575,1,0,2,0,8,0.107,0,0,0.107
576,3,1,2,2,11,0.056,0,1,0.111
577,1,0,2,0,1,0.025,0,0,0.025
578,1,0,2,0,1,0.025,0,0,0.025
579,1,0,2,0,35,0.444,0,0,0.444
580,1,0,2,0,5,0.071,0,0,0.071
581,1,0,2,0,4,0.052,0,0,0.052
582,1,0,2,0,6,0.082,0,0,0.082
583,1,0,2,0,1,0.021,0,0,0.021
584,5,2,4,6,23,0.076,2,0,0.188
585,1,0,2,0,2,0.040,0,0,0.040
586,0,0,1,0,0,0.000,0,0,0.000
587,3,1,2,2,3,0.025,0,1,0.040
588,1,0,2,0,2,0.031,0,0,0.031
589,3,1,3,4,7,0.051,1,0,0.056
590,1,0,2,0,0,0.015,0,0,0.015
591,3,1,3,3,13,0.068,1,0,0.132
592,1,0,2,0,0,0.010,0,0,0.010
593,1,0,2,0,1,0.025,0,0,0.025
594,1,0,2,0,0,0.015,0,0,0.015
595,1,0,2,0,1,0.021,0,0,0.021
596,1,0,2,0,2,0.040,0,0,0.040
597,1,0,2,0,5,0.067,0,0,0.067
598,0,0,1,0,0,0.000,0,0,0.000
599,1,0,2,0,6,0.086,0,0,0.086
600,1,0,2,0,9,0.134,0,0,0.134
601,1,0,2,0,3,0.050,0,0,0.050
602,24,12,8,38,164,0.109,8,4,0.487
603,1,0,2,0,1,0.029,0,0,0.029
604,1,0,2,0,4,0.056,0,0,0.056
605,1,0,2,0,0,0.010,0,0,0.010
606,1,0,2,0,15,0.205,0,0,0.205
607,1,0,2,0,0,0.010,0,0,0.010
608,1,0,2,0,3,0.046,0,0,0.046
609,1,0,2,0,5,0.071,0,0,0.071
610,1,0,2,0,4,0.069,0,0,0.069
611,1,0,2,0,0,0.015,0,0,0.015
612,5,2,4,6,29,0.095,2,0,0.172
613,5,2,4,7,6,0.039,2,0,0.050
614,5,2,3,3,25,0.075,1,1,0.166
615,1,0,2,0,0,0.015,0,0,0.015
616,3,1,3,3,18,0.090,1,0,0.178
617,0,0,1,0,0,0.000,0,0,0.000
618,1,0,2,0,15,0.180,0,0,0.180
619,3,1,3,4,7,0.049,1,0,0.107
620,1,0,2,0,18,0.237,0,0,0.237
621,1,0,2,0,0,0.015,0,0,0.015
622,1,0,2,0,41,0.537,0,0,0.537
623,0,0,1,0,0,0.000,0,0,0.000
624,1,0,2,0,3,0.046,0,0,0.046
625,1,0,2,0,4,0.056,0,0,0.056
626,35,16,16,62,233,0.109,11,4,0.327
627,1,0,2,0,29,0.321,0,0,0.321
628,0,0,1,0,0,0.000,0,0,0.000
629,1,0,2,0,2,0.040,0,0,0.040
630,1,0,2,0,3,0.055,0,0,0.055
631,1,0,2,0,3,0.055,0,0,0.055
632,1,0,2,0,4,0.061,0,0,0.061
633,1,0,2,0,0,0.010,0,0,0.010
634,1,0,2,0,0,0.010,0,0,0.010
635,1,0,2,0,4,0.065,0,0,0.065
636,1,0,2,0,0,0.015,0,0,0.015
637,0,0,1,0,0,0.000,0,0,0.000
638,39,19,17,68,335,0.134,15,4,0.546
639,1,0,2,0,1,0.025,0,0,0.025
640,0,0,1,0,0,0.000,0,0,0.000
641,1,0,2,0,0,0.010,0,0,0.010
642,1,0,2,0,0,0.010,0,0,0.010
643,1,0,2,0,12,0.148,0,0,0.148
644,1,0,2,0,0,0.015,0,0,0.015
645,1,0,2,0,16,0.199,0,0,0.199
646,1,0,2,0,0,0.010,0,0,0.010
647,3,1,3,3,5,0.042,1,0,0.065
648,1,0,2,0,1,0.025,0,0,0.025
649,1,0,2,0,12,0.161,0,0,0.161
650,1,0,2,0,4,0.056,0,0,0.056
651,1,0,2,0,1,0.025,0,0,0.025
652,1,0,2,0,7,0.105,0,0,0.105
653,0,0,1,0,0,0.000,0,0,0.000
654,1,0,2,0,1,0.025,0,0,0.025
655,1,0,2,0,0,0.010,0,0,0.010
656,1,0,2,0,0,0.010,0,0,0.010
657,1,0,2,0,4,0.069,0,0,0.069
658,1,0,2,0,0,0.015,0,0,0.015
659,1,0,2,0,15,0.197,0,0,0.197
660,1,0,2,0,0,0.015,0,0,0.015
661,7,3,4,15,24,0.076,2,1,0.168
662,1,0,2,0,3,0.046,0,0,0.046
663,1,0,2,0,2,0.036,0,0,0.036
664,0,0,1,0,0,0.000,0,0,0.000
665,6,2,5,10,38,0.106,1,1,0.320
666,3,1,3,3,21,0.105,1,0,0.128
667,11,5,7,13,66,0.094,5,0,0.377
668,1,0,2,0,1,0.021,0,0,0.021
669,1,0,2,0,5,0.071,0,0,0.071
670,1,0,2,0,5,0.071,0,0,0.071
671,1,0,2,0,1,0.025,0,0,0.025
672,0,0,1,0,0,0.000,0,0,0.000
673,1,0,2,0,0,0.010,0,0,0.010
674,0,0,1,0,0,0.000,0,0,0.000
675,3,1,3,3,6,0.047,1,0,0.065
676,1,0,2,0,1,0.025,0,0,0.025
677,1,0,2,0,0,0.010,0,0,0.010
678,0,0,1,0,0,0.000,0,0,0.000
679,1,0,2,0,3,0.046,0,0,0.046
680,16,8,7,28,93,0.100,7,1,0.207
681,1,0,2,0,0,0.010,0,0,0.010
682,1,0,2,0,1,0.021,0,0,0.021
683,0,0,1,0,0,0.000,0,0,0.000
684,1,0,2,0,18,0.224,0,0,0.224
685,1,0,2,0,1,0.021,0,0,0.021
686,3,1,3,4,53,0.237,1,0,0.630
687,1,0,2,0,1,0.021,0,0,0.021
688,1,0,2,0,4,0.065,0,0,0.065
689,0,0,1,0,0,0.000,0,0,0.000
690,1,0,2,0,5,0.075,0,0,0.075
691,1,0,2,0,0,0.010,0,0,0.010
692,1,0,2,0,0,0.010,0,0,0.010
693,1,0,2,0,1,0.021,0,0,0.021
694,0,0,1,0,0,0.000,0,0,0.000
695,1,0,2,0,1,0.025,0,0,0.025
696,1,0,2,0,2,0.036,0,0,0.036
697,1,0,2,0,2,0.036,0,0,0.036
698,1,0,2,0,0,0.015,0,0,0.015
699,1,0,2,0,3,0.042,0,0,0.042
700,0,0,1,0,0,0.000,0,0,0.000
701,3,1,3,3,24,0.117,1,0,0.197
702,0,0,1,0,0,0.000,0,0,0.000
703,1,0,2,0,1,0.025,0,0,0.025
704,1,0,2,0,2,0.036,0,0,0.036
705,1,0,2,0,3,0.050,0,0,0.050
706,1,0,2,0,2,0.036,0,0,0.036
707,1,0,2,0,16,0.194,0,0,0.194
708,0,0,1,0,0,0.000,0,0,0.000
709,1,0,2,0,5,0.075,0,0,0.075
710,1,0,2,0,0,0.010,0,0,0.010
711,3,1,3,4,43,0.186,1,0,0.334
712,7,3,5,6,16,0.046,3,0,0.080
713,0,0,1,0,0,0.000,0,0,0.000
714,1,0,2,0,7,0.096,0,0,0.096
715,1,0,2,0,2,0.036,0,0,0.036
716,1,0,2,0,0,0.010,0,0,0.010
717,1,0,2,0,2,0.031,0,0,0.031
718,1,0,2,0,4,0.061,0,0,0.061
719,1,0,2,0,3,0.050,0,0,0.050
720,1,0,2,0,0,0.010,0,0,0.010
721,0,0,1,0,0,0.000,0,0,0.000
722,1,0,2,0,2,0.040,0,0,0.040
723,1,0,2,0,20,0.258,0,0,0.258
724,0,0,1,0,0,0.000,0,0,0.000
725,1,0,2,0,1,0.021,0,0,0.021
726,1,0,2,0,11,0.142,0,0,0.142
727,1,0,2,0,0,0.010,0,0,0.010
728,1,0,2,0,4,0.065,0,0,0.065
729,1,0,2,0,1,0.021,0,0,0.021
730,0,0,1,0,0,0.000,0,0,0.000
731,0,0,1,0,0,0.000,0,0,0.000
732,0,0,1,0,0,0.000,0,0,0.000
733,1,0,2,0,9,0.121,0,0,0.121
734,4,1,4,6,5,0.047,0,1,0.058
735,1,0,2,0,0,0.015,0,0,0.015
736,9,4,6,15,56,0.103,4,0,0.281
737,1,0,2,0,1,0.021,0,0,0.021
738,1,0,2,0,7,0.101,0,0,0.101
739,1,0,2,0,7,0.092,0,0,0.092
740,1,0,2,0,4,0.061,0,0,0.061
741,1,0,2,0,8,0.107,0,0,0.107
742,1,0,2,0,0,0.010,0,0,0.010
743,1,0,2,0,9,0.134,0,0,0.134
744,24,11,12,39,76,0.065,8,3,0.126
745,1,0,2,0,2,0.036,0,0,0.036
746,0,0,1,0,0,0.000,0,0,0.000
747,1,0,2,0,0,0.015,0,0,0.015
748,1,0,2,0,9,0.113,0,0,0.113
749,1,0,2,0,0,0.015,0,0,0.015
750,1,0,2,0,0,0.010,0,0,0.010
751,0,0,1,0,0,0.000,0,0,0.000
752,0,0,1,0,0,0.000,0,0,0.000
753,1,0,2,0,13,0.176,0,0,0.176
754,1,0,2,0,0,0.015,0,0,0.015
755,0,0,1,0,0,0.000,0,0,0.000
756,1,0,2,0,3,0.046,0,0,0.046
757,1,0,2,0,0,0.010,0,0,0.010
758,0,0,1,0,0,0.000,0,0,0.000
759,1,0,2,0,25,0.305,0,0,0.305
760,1,0,2,0,8,0.098,0,0,0.098
761,1,0,2,0,6,0.086,0,0,0.086
762,5,2,4,7,51,0.148,2,0,0.318
763,1,0,2,0,3,0.042,0,0,0.042
764,1,0,2,0,19,0.243,0,0,0.243
765,1,0,2,0,0,0.010,0,0,0.010
766,1,0,2,0,1,0.025,0,0,0.025
767,0,0,1,0,0,0.000,0,0,0.000
768,1,0,2,0,4,0.061,0,0,0.061
769,1,0,2,0,11,0.142,0,0,0.142
770,0,0,1,0,0,0.000,0,0,0.000
771,1,0,2,0,0,0.015,0,0,0.015
772,1,0,2,0,0,0.015,0,0,0.015
773,0,0,1,0,0,0.000,0,0,0.000
774,1,0,2,0,6,0.090,0,0,0.090
775,0,0,1,0,0,0.000,0,0,0.000
776,1,0,2,0,0,0.015,0,0,0.015
777,1,0,2,0,34,0.416,0,0,0.416
778,3,1,3,4,9,0.059,1,0,0.075
779,3,1,3,4,20,0.097,1,0,0.190
780,1,0,2,0,1,0.029,0,0,0.029
781,1,0,2,0,7,0.092,0,0,0.092
782,1,0,2,0,1,0.025,0,0,0.025
783,1,0,2,0,3,0.050,0,0,0.050
784,7,4,3,26,24,0.081,3,0,0.154
785,3,1,3,3,15,0.087,1,0,0.149
786,7,2,5,21,49,0.128,0,1,0.272
787,1,0,2,0,8,0.107,0,0,0.107
788,1,0,2,0,0,0.015,0,0,0.015
789,3,1,3,5,37,0.169,1,0,0.200
790,1,0,2,0,14,0.195,0,0,0.195
791,0,0,1,0,0,0.000,0,0,0.000
792,0,0,1,0,0,0.000,0,0,0.000
793,1,0,2,0,7,0.101,0,0,0.101
794,1,0,2,0,10,0.136,0,0,0.136
795,1,0,2,0,0,0.010,0,0,0.010
796,1,0,2,0,2,0.031,0,0,0.031
797,1,0,2,0,0,0.015,0,0,0.015
798,0,0,1,0,0,0.000,0,0,0.000
799,0,0,1,0,0,0.000,0,0,0.000
800,1,0,2,0,1,0.029,0,0,0.029
801,1,0,2,0,0,0.010,0,0,0.010
802,1,0,2,0,0,0.010,0,0,0.010
803,1,0,2,0,8,0.111,0,0,0.111
804,1,0,2,0,3,0.050,0,0,0.050
805,1,0,2,0,3,0.046,0,0,0.046
806,1,0,2,0,43,0.523,0,0,0.523
807,5,2,4,9,23,0.082,2,0,0.109
808,0,0,1,0,0,0.000,0,0,0.000
809,1,0,2,0,8,0.107,0,0,0.107
810,8,3,6,11,41,0.090,2,1,0.170
811,1,0,2,0,1,0.021,0,0,0.021
812,1,0,2,0,0,0.010,0,0,0.010
813,4,1,4,7,15,0.080,0,1,0.130
814,1,0,2,0,1,0.021,0,0,0.021
815,0,0,1,0,0,0.000,0,0,0.000
816,1,0,2,0,2,0.036,0,0,0.036
817,1,0,2,0,0,0.015,0,0,0.015
818,1,0,2,0,3,0.055,0,0,0.055
819,3,1,3,4,4,0.043,1,0,0.090
820,1,0,2,0,3,0.050,0,0,0.050
821,1,0,2,0,4,0.061,0,0,0.061
822,1,0,2,0,0,0.010,0,0,0.010
823,1,0,2,0,7,0.105,0,0,0.105
824,0,0,1,0,0,0.000,0,0,0.000
825,1,0,2,0,2,0.040,0,0,0.040
826,1,0,2,0,13,0.180,0,0,0.180
827,0,0,1,0,0,0.000,0,0,0.000
828,7,2,6,12,46,0.108,0,2,0.356
829,0,0,1,0,0,0.000,0,0,0.000
830,1,0,2,0,3,0.046,0,0,0.046
831,22,10,12,35,120,0.093,9,0,0.369
832,0,0,1,0,0,0.000,0,0,0.000
833,1,0,2,0,2,0.040,0,0,0.040
834,4,2,2,8,54,0.194,2,0,0.418
835,1,0,2,0,6,0.077,0,0,0.077
836,0,0,1,0,0,0.000,0,0,0.000
837,1,0,2,0,0,0.015,0,0,0.015
838,1,0,2,0,0,0.010,0,0,0.010
839,0,0,1,0,0,0.000,0,0,0.000
840,1,0,2,0,3,0.042,0,0,0.042
841,1,0,2,0,1,0.025,0,0,0.025
842,1,0,2,0,3,0.042,0,0,0.042
843,0,0,1,0,0,0.000,0,0,0.000
844,7,3,5,11,35,0.087,3,0,0.163
845,1,0,2,0,11,0.134,0,0,0.134
846,1,0,2,0,18,0.232,0,0,0.232
847,1,0,2,0,7,0.105,0,0,0.105
848,1,0,2,0,1,0.025,0,0,0.025
849,3,1,3,3,12,0.069,1,0,0.090
850,0,0,1,0,0,0.000,0,0,0.000
851,0,0,1,0,0,0.000,0,0,0.000
852,1,0,2,0,2,0.040,0,0,0.040
853,1,0,2,0,1,0.025,0,0,0.025
854,0,0,1,0,0,0.000,0,0,0.000
855,1,0,2,0,0,0.010,0,0,0.010
856,3,1,3,3,13,0.073,1,0,0.107
857,5,2,4,7,40,0.128,2,0,0.212
858,1,0,2,0,9,0.117,0,0,0.117
859,1,0,2,0,8,0.098,0,0,0.098
860,3,1,3,4,14,0.077,1,0,0.117
861,0,0,1,0,0,0.000,0,0,0.000
862,1,0,2,0,6,0.077,0,0,0.077
863,1,0,2,0,2,0.036,0,0,0.036
864,1,0,2,0,9,0.121,0,0,0.121
865,1,0,2,0,2,0.040,0,0,0.040
866,1,0,2,0,1,0.025,0,0,0.025
867,3,1,3,9,5,0.059,1,0,0.084
868,1,0,2,0,0,0.010,0,0,0.010
869,1,0,2,0,2,0.031,0,0,0.031
870,1,0,2,0,0,0.015,0,0,0.015
871,0,0,1,0,0,0.000,0,0,0.000
872,1,0,2,0,2,0.036,0,0,0.036
873,1,0,2,0,9,0.117,0,0,0.117
874,1,0,2,0,0,0.015,0,0,0.015
875,1,0,2,0,5,0.080,0,0,0.080
876,1,0,2,0,9,0.126,0,0,0.126
877,1,0,2,0,0,0.010,0,0,0.010
878,1,0,2,0,0,0.010,0,0,0.010
879,1,0,2,0,3,0.046,0,0,0.046
880,1,0,2,0,0,0.010,0,0,0.010
881,3,1,3,3,8,0.055,1,0,0.126
882,1,0,2,0,1,0.025,0,0,0.025
883,6,2,5,9,47,0.124,1,1,0.210
884,48,23,23,97,276,0.100,19,4,0.313
885,1,0,2,0,2,0.036,0,0,0.036
886,1,0,2,0,5,0.080,0,0,0.080
887,1,0,2,0,8,0.107,0,0,0.107
888,1,0,2,0,2,0.040,0,0,0.040
889,0,0,1,0,0,0.000,0,0,0.000
890,1,0,2,0,3,0.046,0,0,0.046
891,1,0,2,0,3,0.050,0,0,0.050
892,3,1,3,3,17,0.088,1,0,0.107
893,1,0,2,0,2,0.031,0,0,0.031
894,1,0,2,0,0,0.010,0,0,0.010
895,1,0,2,0,0,0.010,0,0,0.010
896,1,0,2,0,0,0.010,0,0,0.010
897,1,0,2,0,0,0.010,0,0,0.010
898,1,0,2,0,0,0.010,0,0,0.010
899,1,0,2,0,1,0.025,0,0,0.025
900,1,0,2,0,8,0.107,0,0,0.107
901,1,0,2,0,9,0.121,0,0,0.121
902,1,0,2,0,2,0.036,0,0,0.036
903,1,0,2,0,1,0.021,0,0,0.021
904,1,0,2,0,2,0.040,0,0,0.040
905,5,2,4,9,59,0.173,2,0,0.335
906,1,0,2,0,0,0.010,0,0,0.010
907,0,0,1,0,0,0.000,0,0,0.000
908,1,0,2,0,9,0.126,0,0,0.126
909,1,0,2,0,3,0.050,0,0,0.050
910,1,0,2,0,1,0.021,0,0,0.021
911,1,0,2,0,1,0.025,0,0,0.025
912,1,0,2,0,0,0.015,0,0,0.015
913,1,0,2,0,2,0.031,0,0,0.031
914,1,0,2,0,9,0.130,0,0,0.130
915,3,1,3,4,5,0.043,1,0,0.061
916,1,0,2,0,1,0.021,0,0,0.021
917,1,0,2,0,16,0.207,0,0,0.207
918,3,1,3,3,22,0.104,1,0,0.205
919,3,1,2,2,4,0.029,0,1,0.065
920,0,0,1,0,0,0.000,0,0,0.000
921,3,1,3,4,4,0.037,1,0,0.050
922,1,0,2,0,1,0.021,0,0,0.021
923,1,0,2,0,0,0.010,0,0,0.010
924,0,0,1,0,0,0.000,0,0,0.000
925,1,0,2,0,9,0.121,0,0,0.121
926,1,0,2,0,11,0.134,0,0,0.134
927,1,0,2,0,5,0.080,0,0,0.080
928,1,0,2,0,0,0.015,0,0,0.015
929,1,0,2,0,2,0.040,0,0,0.040
930,1,0,2,0,19,0.251,0,0,0.251
931,1,0,2,0,0,0.015,0,0,0.015
932,3,1,3,3,13,0.071,1,0,0.092
933,1,0,2,0,7,0.101,0,0,0.101
934,1,0,2,0,5,0.062,0,0,0.062
935,1,0,2,0,0,0.015,0,0,0.015
936,5,2,4,9,25,0.089,2,0,0.149
937,1,0,2,0,5,0.071,0,0,0.071
938,5,2,4,4,22,0.072,2,0,0.132
939,1,0,2,0,10,0.136,0,0,0.136
940,1,0,2,0,4,0.061,0,0,0.061
941,19,9,9,30,160,0.126,7,2,0.362
942,1,0,2,0,14,0.165,0,0,0.165
943,1,0,2,0,8,0.107,0,0,0.107
944,0,0,1,0,0,0.000,0,0,0.000
945,3,1,3,4,47,0.211,1,0,0.382
946,1,0,2,0,1,0.025,0,0,0.025
947,1,0,2,0,2,0.031,0,0,0.031
948,1,0,2,0,1,0.021,0,0,0.021
949,1,0,2,0,2,0.044,0,0,0.044
950,1,0,2,0,1,0.025,0,0,0.025
951,1,0,2,0,10,0.123,0,0,0.123
952,1,0,2,0,1,0.021,0,0,0.021
953,22,10,12,41,148,0.110,8,2,0.330
954,1,0,2,0,4,0.056,0,0,0.056
955,0,0,1,0,0,0.000,0,0,0.000
956,1,0,2,0,4,0.065,0,0,0.065
957,1,0,2,0,3,0.046,0,0,0.046
958,1,0,2,0,1,0.021,0,0,0.021
959,1,0,2,0,1,0.025,0,0,0.025
960,1,0,2,0,0,0.010,0,0,0.010
961,1,0,2,0,3,0.046,0,0,0.046
962,1,0,2,0,0,0.015,0,0,0.015
963,1,0,2,0,0,0.015,0,0,0.015
964,1,0,2,0,0,0.010,0,0,0.010
965,5,2,4,7,26,0.088,2,0,0.132
966,1,0,2,0,0,0.010,0,0,0.010
967,1,0,2,0,1,0.021,0,0,0.021
968,1,0,2,0,9,0.121,0,0,0.121
969,1,0,2,0,0,0.010,0,0,0.010
970,1,0,2,0,3,0.046,0,0,0.046
971,0,0,1,0,0,0.000,0,0,0.000
972,1,0,2,0,1,0.029,0,0,0.029
973,3,1,3,3,24,0.122,1,0,0.222
974,1,0,2,0,3,0.046,0,0,0.046
975,6,3,3,6,27,0.074,3,0,0.147
976,1,0,2,0,1,0.021,0,0,0.021
977,1,0,2,0,19,0.234,0,0,0.234
978,1,0,2,0,1,0.025,0,0,0.025
979,1,0,2,0,35,0.392,0,0,0.392
980,1,0,2,0,0,0.010,0,0,0.010
981,1,0,2,0,10,0.136,0,0,0.136
982,1,0,2,0,0,0.015,0,0,0.015
983,5,2,4,7,25,0.087,2,0,0.166
984,1,0,2,0,1,0.025,0,0,0.025
985,1,0,2,0,2,0.036,0,0,0.036
986,1,0,2,0,1,0.025,0,0,0.025
987,1,0,2,0,5,0.080,0,0,0.080
988,1,0,2,0,0,0.010,0,0,0.010
989,1,0,2,0,3,0.050,0,0,0.050
990,0,0,1,0,0,0.000,0,0,0.000
991,0,0,1,0,0,0.000,0,0,0.000
992,1,0,2,0,7,0.092,0,0,0.092
993,35,16,14,69,186,0.099,12,2,0.233
994,1,0,2,0,11,0.151,0,0,0.151
995,1,0,2,0,2,0.036,0,0,0.036
996,1,0,2,0,0,0.010,0,0,0.010
997,1,0,2,0,4,0.065,0,0,0.065
998,1,0,2,0,4,0.061,0,0,0.061
999,9,4,6,9,75,0.124,4,0,0.329
1000,1,0,2,0,0,0.010,0,0,0.010
1001,5,2,4,7,69,0.194,2,0,0.289
1002,1,0,2,0,0,0.010,0,0,0.010
1003,1,0,2,0,3,0.050,0,0,0.050
1004,1,0,2,0,5,0.067,0,0,0.067
1005,1,0,2,0,2,0.040,0,0,0.040
1006,0,0,1,0,0,0.000,0,0,0.000
1007,1,0,2,0,5,0.071,0,0,0.071
1008,1,0,2,0,3,0.055,0,0,0.055
1009,1,0,2,0,2,0.036,0,0,0.036
1010,1,0,2,0,3,0.042,0,0,0.042
1011,1,0,2,0,3,0.059,0,0,0.059
1012,1,0,2,0,1,0.025,0,0,0.025
1013,1,0,2,0,14,0.178,0,0,0.178
1014,1,0,2,0,0,0.010,0,0,0.010
1015,3,1,3,1,20,0.099,1,0,0.235
1016,1,0,2,0,0,0.010,0,0,0.010
1017,1,0,2,0,3,0.046,0,0,0.046
1018,0,0,1,0,0,0.000,0,0,0.000
1019,1,0,2,0,0,0.010,0,0,0.010
1020,1,0,2,0,1,0.025,0,0,0.025
1021,1,0,2,0,7,0.092,0,0,0.092
1022,1,0,2,0,0,0.010,0,0,0.010
1023,1,0,2,0,0,0.015,0,0,0.015
1024,1,0,2,0,1,0.021,0,0,0.021
1025,1,0,2,0,1,0.021,0,0,0.021
1026,1,0,2,0,2,0.036,0,0,0.036
1027,0,0,1,0,0,0.000,0,0,0.000
1028,1,0,2,0,0,0.015,0,0,0.015
1029,1,0,2,0,2,0.031,0,0,0.031
1030,3,1,3,3,17,0.092,1,0,0.201
1031,1,0,2,0,0,0.015,0,0,0.015
1032,1,0,2,0,3,0.046,0,0,0.046
1033,1,0,2,0,4,0.061,0,0,0.061
1034,1,0,2,0,9,0.126,0,0,0.126
1035,1,0,2,0,21,0.259,0,0,0.259
1036,5,2,4,8,37,0.111,2,0,0.305
1037,1,0,2,0,0,0.015,0,0,0.015
1038,1,0,2,0,0,0.015,0,0,0.015
1039,1,0,2,0,7,0.092,0,0,0.092
1040,1,0,2,0,11,0.160,0,0,0.160
1041,1,0,2,0,1,0.029,0,0,0.029
1042,1,0,2,0,19,0.226,0,0,0.226
1043,1,0,2,0,16,0.203,0,0,0.203
1044,1,0,2,0,2,0.031,0,0,0.031
1045,1,0,2,0,0,0.015,0,0,0.015
1046,0,0,1,0,0,0.000,0,0,0.000
1047,3,1,3,3,10,0.065,1,0,0.105
1048,1,0,2,0,5,0.071,0,0,0.071
1049,1,0,2,0,5,0.084,0,0,0.084
1050,0,0,1,0,0,0.000,0,0,0.000
1051,1,0,2,0,0,0.010,0,0,0.010
1052,1,0,2,0,3,0.050,0,0,0.050
1053,1,0,2,0,11,0.134,0,0,0.134
1054,1,0,2,0,2,0.036,0,0,0.036
1055,1,0,2,0,0,0.010,0,0,0.010
1056,3,1,3,3,16,0.087,1,0,0.132
1057,1,0,2,0,2,0.040,0,0,0.040
1058,1,0,2,0,11,0.138,0,0,0.138
1059,3,1,3,3,14,0.079,1,0,0.101
1060,1,0,2,0,5,0.080,0,0,0.080
1061,1,0,2,0,10,0.123,0,0,0.123
1062,1,0,2,0,4,0.061,0,0,0.061
1063,3,1,3,3,28,0.138,1,0,0.256
1064,1,0,2,0,15,0.201,0,0,0.201
1065,1,0,2,0,1,0.021,0,0,0.021
1066,5,2,4,14,12,0.070,2,0,0.153
1067,1,0,2,0,8,0.107,0,0,0.107
1068,1,0,2,0,18,0.241,0,0,0.241
1069,1,0,2,0,10,0.136,0,0,0.136
1070,1,0,2,0,0,0.015,0,0,0.015
1071,21,9,10,41,182,0.139,6,1,0.310
1072,3,1,3,4,4,0.042,1,0,0.075
1073,1,0,2,0,5,0.075,0,0,0.075
1074,1,0,2,0,2,0.040,0,0,0.040
1075,1,0,2,0,18,0.245,0,0,0.245
1076,1,0,2,0,0,0.010,0,0,0.010
1077,1,0,2,0,1,0.021,0,0,0.021
1078,1,0,2,0,0,0.010,0,0,0.010
1079,1,0,2,0,0,0.015,0,0,0.015
1080,0,0,1,0,0,0.000,0,0,0.000
1081,1,0,2,0,2,0.036,0,0,0.036
1082,1,0,2,0,4,0.069,0,0,0.069
1083,3,1,3,3,48,0.210,1,0,0.297
1084,1,0,2,0,1,0.021,0,0,0.021
1085,1,0,2,0,0,0.010,0,0,0.010
1086,1,0,2,0,1,0.025,0,0,0.025
1087,1,0,2,0,8,0.111,0,0,0.111
1088,1,0,2,0,6,0.094,0,0,0.094
1089,1,0,2,0,1,0.025,0,0,0.025
1090,0,0,1,0,0,0.000,0,0,0.000
1091,1,0,2,0,2,0.040,0,0,0.040
1092,30,15,11,57,226,0.120,12,2,0.878
1093,1,0,2,0,10,0.140,0,0,0.140
1094,1,0,2,0,1,0.025,0,0,0.025
1095,1,0,2,0,1,0.025,0,0,0.025
1096,1,0,2,0,0,0.010,0,0,0.010
1097,1,0,2,0,3,0.050,0,0,0.050
1098,40,19,21,63,314,0.120,17,2,0.402
1099,1,0,2,0,1,0.025,0,0,0.025
1100,8,4,3,17,16,0.056,3,1,0.079
1101,7,3,5,8,21,0.057,3,0,0.123
1102,1,0,2,0,1,0.021,0,0,0.021
1103,5,2,4,4,4,0.026,2,0,0.036
1104,1,0,2,0,1,0.021,0,0,0.021
1105,1,0,2,0,0,0.010,0,0,0.010
1106,1,0,2,0,3,0.046,0,0,0.046
1107,1,0,2,0,1,0.025,0,0,0.025
1108,1,0,2,0,2,0.031,0,0,0.031
1109,1,0,2,0,0,0.010,0,0,0.010
1110,1,0,2,0,0,0.015,0,0,0.015
1111,1,0,2,0,1,0.025,0,0,0.025
1112,1,0,2,0,1,0.025,0,0,0.025
1113,1,0,2,0,4,0.069,0,0,0.069
1114,1,0,2,0,0,0.010,0,0,0.010
1115,1,0,2,0,2,0.036,0,0,0.036
1116,1,0,2,0,5,0.084,0,0,0.084
1117,1,0,2,0,8,0.115,0,0,0.115
1118,1,0,2,0,1,0.025,0,0,0.025
1119,12,6,5,20,74,0.101,5,1,0.195
1120,1,0,2,0,2,0.040,0,0,0.040
1121,1,0,2,0,1,0.021,0,0,0.021
1122,1,0,2,0,1,0.025,0,0,0.025
1123,0,0,1,0,0,0.000,0,0,0.000
1124,0,0,1,0,0,0.000,0,0,0.000
1125,0,0,1,0,0,0.000,0,0,0.000
1126,1,0,2,0,0,0.015,0,0,0.015
1127,1,0,2,0,1,0.025,0,0,0.025
1128,1,0,2,0,4,0.056,0,0,0.056
1129,1,0,2,0,11,0.168,0,0,0.168
1130,1,0,2,0,3,0.046,0,0,0.046
1131,10,5,6,22,47,0.085,4,0,0.251
1132,1,0,2,0,6,0.077,0,0,0.077
1133,1,0,2,0,11,0.151,0,0,0.151
1134,28,14,14,52,201,0.111,14,0,0.359
1135,1,0,2,0,0,0.015,0,0,0.015
1136,1,0,2,0,0,0.010,0,0,0.010
1137,1,0,2,0,9,0.117,0,0,0.117
1138,5,2,4,7,12,0.057,2,0,0.115
1139,1,0,2,0,0,0.015,0,0,0.015
1140,1,0,2,0,1,0.021,0,0,0.021
1141,1,0,2,0,2,0.036,0,0,0.036
1142,1,0,2,0,2,0.036,0,0,0.036
1143,1,0,2,0,0,0.010,0,0,0.010
1144,1,0,2,0,9,0.130,0,0,0.130
1145,7,3,5,9,58,0.122,3,0,0.243
1146,0,0,1,0,0,0.000,0,0,0.000
1147,1,0,2,0,0,0.010,0,0,0.010
1148,1,0,2,0,17,0.235,0,0,0.235
1149,1,0,2,0,1,0.029,0,0,0.029
1150,1,0,2,0,11,0.129,0,0,0.129
1151,1,0,2,0,0,0.010,0,0,0.010
1152,1,0,2,0,5,0.080,0,0,0.080
1153,0,0,1,0,0,0.000,0,0,0.000
1154,10,5,5,15,46,0.079,5,0,0.113
1155,1,0,2,0,0,0.010,0,0,0.010
1156,1,0,2,0,0,0.010,0,0,0.010
1157,1,0,2,0,1,0.021,0,0,0.021
1158,1,0,2,0,1,0.025,0,0,0.025
1159,0,0,1,0,0,0.000,0,0,0.000
1160,1,0,2,0,1,0.025,0,0,0.025
1161,1,0,2,0,4,0.061,0,0,0.061
1162,1,0,2,0,2,0.040,0,0,0.040
1163,1,0,2,0,3,0.050,0,0,0.050
1164,1,0,2,0,10,0.136,0,0,0.136
1165,1,0,2,0,3,0.050,0,0,0.050
1166,1,0,2,0,0,0.010,0,0,0.010
1167,1,0,2,0,7,0.092,0,0,0.092
1168,1,0,2,0,5,0.080,0,0,0.080
1169,1,0,2,0,7,0.088,0,0,0.088
1170,1,0,2,0,1,0.025,0,0,0.025
1171,0,0,1,0,0,0.000,0,0,0.000
1172,1,0,2,0,2,0.036,0,0,0.036
1173,1,0,2,0,1,0.021,0,0,0.021
1174,1,0,2,0,10,0.132,0,0,0.132
1175,0,0,1,0,0,0.000,0,0,0.000
1176,1,0,2,0,11,0.147,0,0,0.147
1177,1,0,2,0,2,0.031,0,0,0.031
1178,1,0,2,0,9,0.121,0,0,0.121
1179,1,0,2,0,4,0.065,0,0,0.065
1180,1,0,2,0,1,0.021,0,0,0.021
1181,1,0,2,0,0,0.015,0,0,0.015
1182,1,0,2,0,1,0.025,0,0,0.025
1183,1,0,2,0,0,0.015,0,0,0.015
1184,1,0,2,0,0,0.010,0,0,0.010
1185,1,0,2,0,0,0.010,0,0,0.010
1186,15,7,9,20,89,0.094,7,0,0.155
1187,1,0,2,0,12,0.153,0,0,0.153
1188,1,0,2,0,1,0.029,0,0,0.029
1189,1,0,2,0,1,0.025,0,0,0.025
1190,1,0,2,0,1,0.025,0,0,0.025
1191,1,0,2,0,4,0.069,0,0,0.069
1192,1,0,2,0,0,0.015,0,0,0.015
1193,1,0,2,0,2,0.040,0,0,0.040
1194,1,0,2,0,0,0.015,0,0,0.015
1195,1,0,2,0,1,0.025,0,0,0.025
1196,1,0,2,0,1,0.025,0,0,0.025
1197,1,0,2,0,0,0.010,0,0,0.010
1198,1,0,2,0,2,0.040,0,0,0.040
1199,1,0,2,0,0,0.015,0,0,0.015
1200,0,0,1,0,0,0.000,0,0,0.000
1201,1,0,2,0,0,0.010,0,0,0.010
1202,1,0,2,0,7,0.096,0,0,0.096
1203,1,0,2,0,0,0.015,0,0,0.015
1204,1,0,2,0,0,0.015,0,0,0.015
1205,0,0,1,0,0,0.000,0,0,0.000
1206,1,0,2,0,4,0.065,0,0,0.065
1207,52,27,22,103,318,0.102,24,2,0.315
1208,0,0,1,0,0,0.000,0,0,0.000
1209,0,0,1,0,0,0.000,0,0,0.000
1210,1,0,2,0,0,0.015,0,0,0.015
1211,1,0,2,0,8,0.107,0,0,0.107
1212,0,0,1,0,0,0.000,0,0,0.000
1213,1,0,2,0,1,0.025,0,0,0.025
1214,1,0,2,0,1,0.021,0,0,0.021
1215,1,0,2,0,0,0.010,0,0,0.010
1216,1,0,2,0,2,0.040,0,0,0.040
1217,1,0,2,0,0,0.015,0,0,0.015
1218,1,0,2,0,1,0.021,0,0,0.021
1219,1,0,2,0,0,0.010,0,0,0.010
1220,0,0,1,0,0,0.000,0,0,0.000
1221,1,0,2,0,2,0.031,0,0,0.031
1222,3,1,3,4,17,0.094,1,0,0.142
1223,1,0,2,0,0,0.015,0,0,0.015
1224,1,0,2,0,1,0.021,0,0,0.021
1225,1,0,2,0,4,0.056,0,0,0.056
1226,1,0,2,0,13,0.172,0,0,0.172
1227,0,0,1,0,0,0.000,0,0,0.000
1228,0,0,1,0,0,0.000,0,0,0.000
1229,1,0,2,0,11,0.138,0,0,0.138
1230,1,0,2,0,0,0.010,0,0,0.010
1231,1,0,2,0,1,0.021,0,0,0.021
1232,1,0,2,0,5,0.071,0,0,0.071
1233,8,3,5,19,86,0.176,2,0,0.344
1234,1,0,2,0,0,0.010,0,0,0.010
1235,0,0,1,0,0,0.000,0,0,0.000
1236,1,0,2,0,0,0.010,0,0,0.010
1237,1,0,2,0,6,0.082,0,0,0.082
1238,1,0,2,0,1,0.021,0,0,0.021
1239,1,0,2,0,5,0.080,0,0,0.080
1240,1,0,2,0,7,0.105,0,0,0.105
1241,3,1,3,4,9,0.056,1,0,0.102
1242,1,0,2,0,0,0.010,0,0,0.010
1243,1,0,2,0,2,0.036,0,0,0.036
1244,16,7,9,29,120,0.122,5,2,0.357
1245,0,0,1,0,0,0.000,0,0,0.000
1246,1,0,2,0,0,0.010,0,0,0.010
1247,1,0,2,0,1,0.025,0,0,0.025
1248,0,0,1,0,0,0.000,0,0,0.000
1249,1,0,2,0,10,0.136,0,0,0.136
1250,3,1,3,4,9,0.064,1,0,0.105
1251,3,1,3,4,6,0.049,1,0,0.082
1252,1,0,2,0,0,0.015,0,0,0.015
1253,1,0,2,0,0,0.015,0,0,0.015
1254,0,0,1,0,0,0.000,0,0,0.000
1255,1,0,2,0,2,0.040,0,0,0.040
1256,1,0,2,0,2,0.040,0,0,0.040
1257,1,0,2,0,22,0.283,0,0,0.283
1258,1,0,2,0,7,0.101,0,0,0.101
1259,1,0,2,0,7,0.092,0,0,0.092
1260,1,0,2,0,3,0.055,0,0,0.055
1261,3,1,3,4,10,0.063,1,0,0.082
1262,1,0,2,0,5,0.071,0,0,0.071
1263,1,0,2,0,1,0.021,0,0,0.021
1264,1,0,2,0,4,0.056,0,0,0.056
1265,3,1,3,3,25,0.124,1,0,0.167
1266,1,0,2,0,10,0.132,0,0,0.132
1267,0,0,1,0,0,0.000,0,0,0.000
1268,1,0,2,0,3,0.042,0,0,0.042
1269,1,0,2,0,3,0.055,0,0,0.055
1270,1,0,2,0,21,0.251,0,0,0.251
1271,1,0,2,0,1,0.029,0,0,0.029
1272,1,0,2,0,4,0.065,0,0,0.065
1273,1,0,2,0,3,0.050,0,0,0.050
1274,1,0,2,0,2,0.036,0,0,0.036
1275,1,0,2,0,0,0.010,0,0,0.010
1276,0,0,1,0,0,0.000,0,0,0.000
1277,1,0,2,0,8,0.115,0,0,0.115
1278,1,0,2,0,0,0.010,0,0,0.010
1279,34,18,13,57,221,0.103,17,1,0.389
1280,3,1,3,4,48,0.213,1,0,0.234
1281,3,1,3,4,1,0.025,1,0,0.040
1282,5,2,4,5,25,0.077,2,0,0.134
1283,30,15,14,49,299,0.146,14,1,0.443
1284,19,9,9,30,77,0.075,7,2,0.157
1285,1,0,2,0,0,0.010,0,0,0.010
1286,0,0,1,0,0,0.000,0,0,0.000
1287,0,0,1,0,0,0.000,0,0,0.000
1288,13,6,7,19,53,0.075,5,1,0.133
1289,0,0,1,0,0,0.000,0,0,0.000
1290,1,0,2,0,5,0.071,0,0,0.071
1291,1,0,2,0,3,0.050,0,0,0.050
1292,1,0,2,0,6,0.077,0,0,0.077
1293,0,0,1,0,0,0.000,0,0,0.000
1294,1,0,2,0,1,0.025,0,0,0.025
1295,0,0,1,0,0,0.000,0,0,0.000
1296,1,0,2,0,4,0.065,0,0,0.065
1297,1,0,2,0,1,0.021,0,0,0.021
1298,1,0,2,0,0,0.010,0,0,0.010
1299,1,0,2,0,1,0.021,0,0,0.021
1300,1,0,2,0,1,0.025,0,0,0.025
1301,1,0,2,0,1,0.025,0,0,0.025
1302,1,0,2,0,1,0.025,0,0,0.025
1303,1,0,2,0,16,0.207,0,0,0.207
1304,0,0,1,0,0,0.000,0,0,0.000
1305,1,0,2,0,0,0.015,0,0,0.015
1306,4,1,4,6,25,0.106,0,1,0.186
1307,1,0,2,0,1,0.025,0,0,0.025
1308,3,1,3,4,2,0.032,1,0,0.055
1309,0,0,1,0,0,0.000,0,0,0.000
1310,1,0,2,0,3,0.046,0,0,0.046
1311,0,0,1,0,0,0.000,0,0,0.000
1312,1,0,2,0,4,0.061,0,0,0.061
1313,1,0,2,0,2,0.040,0,0,0.040
1314,1,0,2,0,1,0.021,0,0,0.021
1315,1,0,2,0,2,0.036,0,0,0.036
1316,1,0,2,0,0,0.015,0,0,0.015
1317,1,0,2,0,0,0.015,0,0,0.015
1318,1,0,2,0,3,0.055,0,0,0.055
1319,1,0,2,0,0,0.010,0,0,0.010
1320,1,0,2,0,10,0.136,0,0,0.136
1321,3,1,3,4,21,0.113,1,0,0.264
1322,3,1,2,2,29,0.128,0,1,0.232
1323,3,1,3,4,17,0.091,1,0,0.138
1324,1,0,2,0,2,0.040,0,0,0.040
1325,1,0,2,0,0,0.010,0,0,0.010
1326,1,0,2,0,4,0.061,0,0,0.061
1327,1,0,2,0,23,0.289,0,0,0.289
1328,1,0,2,0,1,0.021,0,0,0.021
1329,1,0,2,0,1,0.025,0,0,0.025
1330,1,0,2,0,4,0.061,0,0,0.061
1331,1,0,2,0,1,0.029,0,0,0.029
1332,0,0,1,0,0,0.000,0,0,0.000
1333,1,0,2,0,1,0.025,0,0,0.025
1334,1,0,2,0,0,0.010,0,0,0.010
1335,1,0,2,0,1,0.021,0,0,0.021
1336,1,0,2,0,1,0.025,0,0,0.025
1337,1,0,2,0,0,0.015,0,0,0.015
1338,1,0,2,0,6,0.090,0,0,0.090
1339,1,0,2,0,17,0.222,0,0,0.222
1340,1,0,2,0,1,0.025,0,0,0.025
1341,5,2,4,4,28,0.087,2,0,0.139
1342,1,0,2,0,6,0.090,0,0,0.090
1343,1,0,2,0,0,0.010,0,0,0.010
1344,1,0,2,0,0,0.010,0,0,0.010
1345,1,0,2,0,11,0.134,0,0,0.134
1346,1,0,2,0,3,0.050,0,0,0.050
1347,3,1,3,4,26,0.123,1,0,0.215
1348,1,0,2,0,15,0.197,0,0,0.197
1349,1,0,2,0,1,0.029,0,0,0.029
1350,0,0,1,0,0,0.000,0,0,0.000
1351,1,0,2,0,5,0.071,0,0,0.071
1352,1,0,2,0,0,0.010,0,0,0.010
1353,3,1,3,3,3,0.032,1,0,0.036
1354,1,0,2,0,7,0.101,0,0,0.101
1355,1,0,2,0,27,0.335,0,0,0.335
1356,1,0,2,0,2,0.036,0,0,0.036
1357,0,0,1,0,0,0.000,0,0,0.000
1358,0,0,1,0,0,0.000,0,0,0.000
1359,1,0,2,0,1,0.021,0,0,0.021
1360,1,0,2,0,2,0.036,0,0,0.036
1361,1,0,2,0,10,0.145,0,0,0.145
1362,1,0,2,0,7,0.096,0,0,0.096
1363,1,0,2,0,0,0.015,0,0,0.015
1364,1,0,2,0,1,0.025,0,0,0.025
1365,1,0,2,0,1,0.021,0,0,0.021
1366,1,0,2,0,6,0.086,0,0,0.086
1367,1,0,2,0,0,0.010,0,0,0.010
1368,1,0,2,0,0,0.010,0,0,0.010
1369,0,0,1,0,0,0.000,0,0,0.000
1370,1,0,2,0,0,0.010,0,0,0.010
1371,1,0,2,0,1,0.025,0,0,0.025
1372,1,0,2,0,5,0.075,0,0,0.075
1373,3,1,3,9,32,0.153,1,0,0.347
1374,1,0,2,0,3,0.046,0,0,0.046
1375,0,0,1,0,0,0.000,0,0,0.000
1376,1,0,2,0,3,0.046,0,0,0.046
1377,7,3,5,9,23,0.064,3,0,0.188
1378,1,0,2,0,4,0.056,0,0,0.056
1379,0,0,1,0,0,0.000,0,0,0.000
1380,1,0,2,0,0,0.010,0,0,0.010
1381,0,0,1,0,0,0.000,0,0,0.000
1382,1,0,2,0,4,0.061,0,0,0.061
1383,1,0,2,0,11,0.151,0,0,0.151
1384,8,4,4,11,47,0.096,4,0,0.159
1385,1,0,2,0,0,0.010,0,0,0.010
1386,1,0,2,0,0,0.010,0,0,0.010
1387,19,10,6,31,82,0.076,8,2,0.209
1388,1,0,2,0,0,0.010,0,0,0.010
1389,1,0,2,0,3,0.046,0,0,0.046
1390,1,0,2,0,0,0.010,0,0,0.010
1391,1,0,2,0,1,0.025,0,0,0.025
1392,0,0,1,0,0,0.000,0,0,0.000
1393,0,0,1,0,0,0.000,0,0,0.000
1394,1,0,2,0,15,0.205,0,0,0.205
1395,1,0,2,0,12,0.157,0,0,0.157
1396,1,0,2,0,18,0.228,0,0,0.228
1397,1,0,2,0,1,0.025,0,0,0.025
1398,1,0,2,0,1,0.025,0,0,0.025
1399,1,0,2,0,0,0.015,0,0,0.015
1400,1,0,2,0,2,0.036,0,0,0.036
1401,1,0,2,0,0,0.010,0,0,0.010
1402,1,0,2,0,1,0.025,0,0,0.025
1403,1,0,2,0,1,0.021,0,0,0.021
1404,0,0,1,0,0,0.000,0,0,0.000
1405,1,0,2,0,2,0.031,0,0,0.031
1406,1,0,2,0,3,0.055,0,0,0.055
1407,1,0,2,0,0,0.015,0,0,0.015
1408,1,0,2,0,4,0.061,0,0,0.061
1409,1,0,2,0,0,0.010,0,0,0.010
1410,1,0,2,0,0,0.015,0,0,0.015
1411,0,0,1,0,0,0.000,0,0,0.000
1412,1,0,2,0,1,0.025,0,0,0.025
1413,1,0,2,0,0,0.015,0,0,0.015
1414,3,1,3,5,14,0.083,1,0,0.113
1415,1,0,2,0,4,0.056,0,0,0.056
1416,3,1,3,4,20,0.115,1,0,0.168
1417,1,0,2,0,4,0.061,0,0,0.061
1418,1,0,2,0,0,0.010,0,0,0.010
1419,1,0,2,0,1,0.029,0,0,0.029
1420,1,0,2,0,1,0.025,0,0,0.025
1421,1,0,2,0,4,0.065,0,0,0.065
1422,1,0,2,0,2,0.036,0,0,0.036
1423,1,0,2,0,6,0.086,0,0,0.086
1424,1,0,2,0,1,0.021,0,0,0.021
1425,1,0,2,0,0,0.010,0,0,0.010
1426,1,0,2,0,0,0.010,0,0,0.010
1427,6,2,5,9,68,0.164,1,1,0.321
1428,1,0,2,0,5,0.075,0,0,0.075
1429,1,0,2,0,2,0.036,0,0,0.036
1430,1,0,2,0,5,0.067,0,0,0.067
1431,1,0,2,0,1,0.025,0,0,0.025
1432,0,0,1,0,0,0.000,0,0,0.000
1433,1,0,2,0,5,0.071,0,0,0.071
1434,3,1,3,3,28,0.135,1,0,0.231
1435,1,0,2,0,7,0.101,0,0,0.101
1436,1,0,2,0,2,0.044,0,0,0.044
1437,33,15,17,47,245,0.114,12,2,0.437
1438,1,0,2,0,1,0.021,0,0,0.021
1439,1,0,2,0,2,0.031,0,0,0.031
1440,1,0,2,0,7,0.101,0,0,0.101
1441,1,0,2,0,0,0.010,0,0,0.010
1442,1,0,2,0,1,0.025,0,0,0.025
1443,1,0,2,0,0,0.010,0,0,0.010
1444,1,0,2,0,0,0.015,0,0,0.015
1445,1,0,2,0,10,0.123,0,0,0.123
1446,1,0,2,0,0,0.010,0,0,0.010
1447,1,0,2,0,0,0.010,0,0,0.010
1448,3,1,3,1,5,0.041,1,0,0.069
1449,3,1,3,3,2,0.029,1,0,0.031
1450,3,1,3,3,9,0.056,1,0,0.067
1451,1,0,2,0,1,0.021,0,0,0.021
1452,1,0,2,0,7,0.096,0,0,0.096
1453,1,0,2,0,6,0.077,0,0,0.077
1454,1,0,2,0,0,0.010,0,0,0.010
1455,1,0,2,0,0,0.010,0,0,0.010
1456,1,0,2,0,1,0.025,0,0,0.025
1457,1,0,2,0,1,0.021,0,0,0.021
1458,1,0,2,0,0,0.010,0,0,0.010
1459,4,1,4,4,42,0.145,0,1,0.247
1460,1,0,2,0,8,0.115,0,0,0.115
1461,1,0,2,0,0,0.015,0,0,0.015
1462,1,0,2,0,6,0.099,0,0,0.099
1463,1,0,2,0,1,0.025,0,0,0.025
1464,1,0,2,0,2,0.040,0,0,0.040
1465,1,0,2,0,0,0.015,0,0,0.015
1466,1,0,2,0,8,0.111,0,0,0.111
1467,1,0,2,0,7,0.092,0,0,0.092
1468,1,0,2,0,2,0.036,0,0,0.036
1469,3,1,3,1,1,0.028,1,0,0.025
1470,19,10,8,39,163,0.135,10,0,0.454
1471,6,3,3,7,22,0.063,3,0,0.194
1472,1,0,2,0,5,0.067,0,0,0.067
1473,1,0,2,0,1,0.021,0,0,0.021
1474,1,0,2,0,8,0.111,0,0,0.111
1475,1,0,2,0,20,0.232,0,0,0.232
1476,1,0,2,0,8,0.102,0,0,0.102
1477,1,0,2,0,2,0.036,0,0,0.036
1478,1,0,2,0,0,0.010,0,0,0.010
1479,1,0,2,0,0,0.010,0,0,0.010
1480,1,0,2,0,0,0.015,0,0,0.015
1481,1,0,2,0,1,0.025,0,0,0.025
1482,0,0,1,0,0,0.000,0,0,0.000
1483,1,0,2,0,1,0.029,0,0,0.029
1484,1,0,2,0,1,0.025,0,0,0.025
1485,0,0,1,0,0,0.000,0,0,0.000
1486,1,0,2,0,2,0.031,0,0,0.031
1487,1,0,2,0,1,0.021,0,0,0.021
1488,1,0,2,0,1,0.021,0,0,0.021
1489,0,0,1,0,0,0.000,0,0,0.000
1490,1,0,2,0,4,0.074,0,0,0.074
1491,5,2,4,4,36,0.105,2,0,0.364
1492,1,0,2,0,0,0.010,0,0,0.010
1493,1,0,2,0,0,0.010,0,0,0.010
1494,1,0,2,0,4,0.056,0,0,0.056
1495,3,1,2,2,15,0.067,0,1,0.123
1496,1,0,2,0,3,0.046,0,0,0.046
1497,0,0,1,0,0,0.000,0,0,0.000
1498,1,0,2,0,0,0.010,0,0,0.010
1499,1,0,2,0,23,0.297,0,0,0.297
1500,1,0,2,0,1,0.025,0,0,0.025
1501,15,7,9,23,117,0.117,7,0,0.265
1502,1,0,2,0,0,0.015,0,0,0.015
1503,1,0,2,0,3,0.050,0,0,0.050
1504,1,0,2,0,1,0.025,0,0,0.025
1505,1,0,2,0,0,0.015,0,0,0.015
1506,1,0,2,0,0,0.010,0,0,0.010
1507,1,0,2,0,5,0.075,0,0,0.075
1508,1,0,2,0,7,0.092,0,0,0.092
1509,0,0,1,0,0,0.000,0,0,0.000
1510,0,0,1,0,0,0.000,0,0,0.000
1511,0,0,1,0,0,0.000,0,0,0.000
1512,16,8,8,26,84,0.091,8,0,0.324
1513,0,0,1,0,0,0.000,0,0,0.000
1514,3,1,3,4,18,0.088,1,0,0.165
1515,0,0,1,0,0,0.000,0,0,0.000
1516,1,0,2,0,8,0.102,0,0,0.102
1517,0,0,1,0,0,0.000,0,0,0.000
1518,1,0,2,0,2,0.040,0,0,0.040
1519,1,0,2,0,0,0.015,0,0,0.015
1520,1,0,2,0,0,0.015,0,0,0.015
1521,1,0,2,0,1,0.025,0,0,0.025
1522,1,0,2,0,7,0.105,0,0,0.105
1523,1,0,2,0,3,0.055,0,0,0.055
1524,1,0,2,0,0,0.015,0,0,0.015
1525,3,1,3,3,7,0.049,1,0,0.086
1526,1,0,2,0,1,0.025,0,0,0.025
1527,0,0,1,0,0,0.000,0,0,0.000
1528,1,0,2,0,0,0.010,0,0,0.010
1529,0,0,1,0,0,0.000,0,0,0.000
1530,1,0,2,0,3,0.042,0,0,0.042
1531,1,0,2,0,1,0.025,0,0,0.025
1532,1,0,2,0,4,0.056,0,0,0.056
1533,1,0,2,0,1,0.025,0,0,0.025
1534,1,0,2,0,10,0.149,0,0,0.149
1535,1,0,2,0,3,0.055,0,0,0.055
1536,1,0,2,0,1,0.025,0,0,0.025
1537,0,0,1,0,0,0.000,0,0,0.000
1538,1,0,2,0,11,0.142,0,0,0.142
1539,1,0,2,0,2,0.040,0,0,0.040
1540,3,1,3,3,5,0.040,1,0,0.086
1541,1,0,2,0,0,0.015,0,0,0.015
1542,1,0,2,0,12,0.166,0,0,0.166
1543,1,0,2,0,0,0.010,0,0,0.010
1544,1,0,2,0,1,0.025,0,0,0.025
1545,0,0,1,0,0,0.000,0,0,0.000
1546,1,0,2,0,0,0.015,0,0,0.015
1547,3,1,3,3,18,0.094,1,0,0.191
1548,1,0,2,0,2,0.040,0,0,0.040
1549,1,0,2,0,1,0.025,0,0,0.025
1550,1,0,2,0,1,0.025,0,0,0.025
1551,5,2,4,6,16,0.060,2,0,0.153
1552,1,0,2,0,1,0.025,0,0,0.025
1553,1,0,2,0,1,0.021,0,0,0.021
1554,1,0,2,0,3,0.046,0,0,0.046
1555,1,0,2,0,16,0.212,0,0,0.212
1556,1,0,2,0,6,0.086,0,0,0.086
1557,1,0,2,0,5,0.080,0,0,0.080
1558,3,1,3,1,12,0.062,1,0,0.102
1559,1,0,2,0,1,0.029,0,0,0.029
1560,1,0,2,0,3,0.042,0,0,0.042
1561,1,0,2,0,8,0.115,0,0,0.115
1562,1,0,2,0,14,0.178,0,0,0.178
1563,0,0,1,0,0,0.000,0,0,0.000
1564,0,0,1,0,0,0.000,0,0,0.000
1565,1,0,2,0,1,0.029,0,0,0.029
1566,1,0,2,0,6,0.086,0,0,0.086
1567,1,0,2,0,2,0.036,0,0,0.036
1568,1,0,2,0,2,0.040,0,0,0.040
1569,1,0,2,0,1,0.025,0,0,0.025
1570,1,0,2,0,7,0.088,0,0,0.088
1571,21,10,11,42,112,0.094,9,1,0.219
1572,1,0,2,0,1,0.021,0,0,0.021
1573,1,0,2,0,0,0.010,0,0,0.010
1574,1,0,2,0,21,0.251,0,0,0.251
1575,0,0,1,0,0,0.000,0,0,0.000
1576,1,0,2,0,2,0.031,0,0,0.031
1577,1,0,2,0,1,0.029,0,0,0.029
1578,1,0,2,0,1,0.025,0,0,0.025
1579,3,1,3,4,10,0.062,1,0,0.096
1580,1,0,2,0,9,0.134,0,0,0.134
1581,1,0,2,0,0,0.015,0,0,0.015
1582,1,0,2,0,2,0.031,0,0,0.031
1583,0,0,1,0,0,0.000,0,0,0.000
1584,1,0,2,0,0,0.010,0,0,0.010
1585,1,0,2,0,7,0.096,0,0,0.096
1586,1,0,2,0,0,0.015,0,0,0.015
1587,3,1,3,4,27,0.133,1,0,0.264
1588,1,0,2,0,7,0.105,0,0,0.105
1589,3,1,3,3,11,0.061,1,0,0.092
1590,1,0,2,0,4,0.056,0,0,0.056
1591,1,0,2,0,1,0.021,0,0,0.021
1592,1,0,2,0,10,0.128,0,0,0.128
1593,1,0,2,0,2,0.031,0,0,0.031
1594,1,0,2,0,2,0.031,0,0,0.031
1595,0,0,1,0,0,0.000,0,0,0.000
1596,1,0,2,0,0,0.010,0,0,0.010
1597,32,17,13,64,221,0.111,17,0,0.341
1598,1,0,2,0,1,0.025,0,0,0.025
1599,0,0,1,0,0,0.000,0,0,0.000
1600,1,0,2,0,0,0.010,0,0,0.010
1601,1,0,2,0,13,0.176,0,0,0.176
1602,5,2,3,11,13,0.071,1,1,0.093
1603,1,0,2,0,1,0.025,0,0,0.025
1604,1,0,2,0,2,0.040,0,0,0.040
1605,1,0,2,0,0,0.010,0,0,0.010
1606,0,0,1,0,0,0.000,0,0,0.000
1607,0,0,1,0,0,0.000,0,0,0.000
1608,1,0,2,0,8,0.111,0,0,0.111
1609,5,1,4,12,10,0.064,0,0,0.121
1610,1,0,2,0,3,0.050,0,0,0.050
1611,1,0,2,0,0,0.015,0,0,0.015
1612,1,0,2,0,0,0.015,0,0,0.015
1613,1,0,2,0,0,0.015,0,0,0.015
1614,3,1,3,1,13,0.072,1,0,0.120
1615,0,0,1,0,0,0.000,0,0,0.000
1616,1,0,2,0,2,0.031,0,0,0.031
1617,1,0,2,0,1,0.021,0,0,0.021
1618,1,0,2,0,0,0.015,0,0,0.015
1619,0,0,1,0,0,0.000,0,0,0.000
1620,1,0,2,0,7,0.092,0,0,0.092
1621,3,1,3,1,12,0.061,1,0,0.086
1622,1,0,2,0,4,0.061,0,0,0.061
1623,3,1,3,3,23,0.113,1,0,0.186
1624,1,0,2,0,15,0.205,0,0,0.205
1625,1,0,2,0,1,0.025,0,0,0.025
1626,1,0,2,0,1,0.025,0,0,0.025
1627,1,0,2,0,6,0.077,0,0,0.077
1628,1,0,2,0,1,0.021,0,0,0.021
1629,1,0,2,0,4,0.056,0,0,0.056
1630,5,2,4,6,38,0.107,2,0,0.257
1631,0,0,1,0,0,0.000,0,0,0.000
1632,1,0,2,0,1,0.025,0,0,0.025
1633,6,2,4,10,43,0.119,1,0,0.343
1634,1,0,2,0,0,0.010,0,0,0.010
1635,1,0,2,0,1,0.021,0,0,0.021
1636,1,0,2,0,2,0.031,0,0,0.031
1637,1,0,2,0,1,0.021,0,0,0.021
1638,1,0,2,0,1,0.021,0,0,0.021
1639,1,0,2,0,52,0.647,0,0,0.647
1640,1,0,2,0,17,0.218,0,0,0.218
1641,1,0,2,0,4,0.056,0,0,0.056
1642,1,0,2,0,39,0.477,0,0,0.477
1643,3,1,3,4,7,0.049,1,0,0.065
1644,3,1,3,4,6,0.048,1,0,0.084
1645,13,6,8,21,164,0.176,6,0,0.559
1646,1,0,2,0,2,0.036,0,0,0.036
1647,1,0,2,0,0,0.010,0,0,0.010
1648,1,0,2,0,0,0.010,0,0,0.010
1649,1,0,2,0,0,0.015,0,0,0.015
1650,1,0,2,0,0,0.015,0,0,0.015
1651,1,0,2,0,4,0.065,0,0,0.065
1652,1,0,2,0,1,0.029,0,0,0.029
1653,1,0,2,0,1,0.021,0,0,0.021
1654,0,0,1,0,0,0.000,0,0,0.000
1655,1,0,2,0,0,0.010,0,0,0.010
1656,3,1,3,1,19,0.094,1,0,0.228
1657,1,0,2,0,0,0.015,0,0,0.015
1658,0,0,1,0,0,0.000,0,0,0.000
1659,1,0,2,0,4,0.069,0,0,0.069
1660,1,0,2,0,16,0.194,0,0,0.194
1661,1,0,2,0,5,0.084,0,0,0.084
1662,7,3,5,9,42,0.096,3,0,0.226
1663,1,0,2,0,7,0.101,0,0,0.101
1664,1,0,2,0,1,0.025,0,0,0.025
1665,3,1,3,5,14,0.082,1,0,0.148
1666,0,0,1,0,0,0.000,0,0,0.000
1667,1,0,2,0,0,0.015,0,0,0.015
1668,1,0,2,0,0,0.010,0,0,0.010
1669,0,0,1,0,0,0.000,0,0,0.000
1670,1,0,2,0,1,0.021,0,0,0.021
1671,1,0,2,0,0,0.015,0,0,0.015
1672,1,0,2,0,1,0.029,0,0,0.029
1673,1,0,2,0,2,0.040,0,0,0.040
1674,1,0,2,0,2,0.031,0,0,0.031
1675,1,0,2,0,0,0.010,0,0,0.010
1676,1,0,2,0,1,0.025,0,0,0.025
1677,1,0,2,0,0,0.015,0,0,0.015
1678,1,0,2,0,1,0.021,0,0,0.021
1679,1,0,2,0,0,0.015,0,0,0.015
1680,1,0,2,0,3,0.055,0,0,0.055
1681,3,1,3,3,10,0.061,1,0,0.132
1682,0,0,1,0,0,0.000,0,0,0.000
1683,1,0,2,0,0,0.010,0,0,0.010
1684,3,1,3,4,3,0.034,1,0,0.046
1685,0,0,1,0,0,0.000,0,0,0.000
1686,1,0,2,0,1,0.021,0,0,0.021
1687,1,0,2,0,8,0.120,0,0,0.120
1688,1,0,2,0,0,0.010,0,0,0.010
1689,1,0,2,0,0,0.010,0,0,0.010
1690,1,0,2,0,0,0.010,0,0,0.010
1691,1,0,2,0,9,0.121,0,0,0.121
1692,7,3,5,12,22,0.062,3,0,0.113
1693,1,0,2,0,1,0.025,0,0,0.025
1694,3,1,3,4,10,0.067,1,0,0.132
1695,1,0,2,0,0,0.010,0,0,0.010
1696,1,0,2,0,0,0.015,0,0,0.015
1697,1,0,2,0,1,0.025,0,0,0.025
1698,1,0,2,0,2,0.044,0,0,0.044
1699,1,0,2,0,7,0.092,0,0,0.092
1700,1,0,2,0,2,0.040,0,0,0.040
1701,0,0,1,0,0,0.000,0,0,0.000
1702,1,0,2,0,2,0.036,0,0,0.036
1703,1,0,2,0,7,0.101,0,0,0.101
1704,1,0,2,0,46,0.597,0,0,0.597
1705,1,0,2,0,5,0.067,0,0,0.067
1706,1,0,2,0,0,0.010,0,0,0.010
1707,1,0,2,0,13,0.163,0,0,0.163
1708,0,0,1,0,0,0.000,0,0,0.000
1709,1,0,2,0,2,0.031,0,0,0.031
1710,1,0,2,0,10,0.119,0,0,0.119
1711,1,0,2,0,0,0.015,0,0,0.015
1712,0,0,1,0,0,0.000,0,0,0.000
1713,1,0,2,0,22,0.296,0,0,0.296
1714,1,0,2,0,9,0.126,0,0,0.126
1715,1,0,2,0,14,0.191,0,0,0.191
1716,1,0,2,0,1,0.021,0,0,0.021
1717,1,0,2,0,1,0.021,0,0,0.021
1718,7,3,5,9,63,0.127,3,0,0.205
1719,1,0,2,0,0,0.010,0,0,0.010
1720,0,0,1,0,0,0.000,0,0,0.000
1721,0,0,1,0,0,0.000,0,0,0.000
1722,1,0,2,0,1,0.025,0,0,0.025
1723,1,0,2,0,1,0.029,0,0,0.029
1724,3,1,3,1,19,0.091,1,0,0.145
1725,1,0,2,0,0,0.010,0,0,0.010
1726,0,0,1,0,0,0.000,0,0,0.000
1727,0,0,1,0,0,0.000,0,0,0.000
1728,7,2,6,12,92,0.188,0,2,0.359
1729,1,0,2,0,0,0.010,0,0,0.010
1730,20,9,11,40,130,0.113,8,0,0.546
1731,1,0,2,0,0,0.010,0,0,0.010
1732,1,0,2,0,4,0.056,0,0,0.056
1733,1,0,2,0,1,0.021,0,0,0.021
1734,7,3,5,7,76,0.146,3,0,0.382
1735,3,1,3,3,19,0.103,1,0,0.128
1736,1,0,2,0,4,0.056,0,0,0.056
1737,1,0,2,0,0,0.015,0,0,0.015
1738,0,0,1,0,0,0.000,0,0,0.000
1739,1,0,2,0,1,0.021,0,0,0.021
1740,1,0,2,0,0,0.010,0,0,0.010
1741,8,3,6,13,22,0.062,2,1,0.134
1742,1,0,2,0,1,0.025,0,0,0.025
1743,0,0,1,0,0,0.000,0,0,0.000
1744,1,0,2,0,4,0.056,0,0,0.056
1745,1,0,2,0,1,0.025,0,0,0.025
1746,3,1,3,3,8,0.052,1,0,0.071
1747,1,0,2,0,5,0.067,0,0,0.067
1748,1,0,2,0,1,0.025,0,0,0.025
1749,1,0,2,0,19,0.247,0,0,0.247
1750,1,0,2,0,2,0.031,0,0,0.031
1751,0,0,1,0,0,0.000,0,0,0.000
1752,1,0,2,0,2,0.036,0,0,0.036
1753,1,0,2,0,3,0.042,0,0,0.042
1754,1,0,2,0,0,0.010,0,0,0.010
1755,1,0,2,0,5,0.084,0,0,0.084
1756,3,1,3,4,21,0.105,1,0,0.234
1757,1,0,2,0,3,0.055,0,0,0.055
1758,3,1,3,4,10,0.064,1,0,0.096
1759,1,0,2,0,1,0.025,0,0,0.025
1760,0,0,1,0,0,0.000,0,0,0.000
1761,1,0,2,0,0,0.015,0,0,0.015
1762,1,0,2,0,1,0.029,0,0,0.029
1763,10,4,7,14,47,0.086,3,1,0.174
1764,1,0,2,0,12,0.166,0,0,0.166
1765,1,0,2,0,0,0.015,0,0,0.015
1766,0,0,1,0,0,0.000,0,0,0.000
1767,1,0,2,0,0,0.010,0,0,0.010
1768,3,1,3,3,21,0.110,1,0,0.140
1769,1,0,2,0,2,0.040,0,0,0.040
1770,1,0,2,0,4,0.056,0,0,0.056
1771,1,0,2,0,9,0.117,0,0,0.117
1772,1,0,2,0,5,0.075,0,0,0.075
1773,1,0,2,0,0,0.010,0,0,0.010
1774,1,0,2,0,9,0.117,0,0,0.117
1775,1,0,2,0,1,0.029,0,0,0.029
1776,1,0,2,0,4,0.056,0,0,0.056
1777,3,1,3,1,6,0.036,1,0,0.042
1778,1,0,2,0,0,0.010,0,0,0.010
1779,1,0,2,0,0,0.010,0,0,0.010
1780,1,0,2,0,2,0.040,0,0,0.040
1781,1,0,2,0,4,0.069,0,0,0.069
1782,1,0,2,0,1,0.025,0,0,0.025
1783,0,0,1,0,0,0.000,0,0,0.000
1784,3,1,3,4,10,0.069,1,0,0.164
1785,1,0,2,0,1,0.021,0,0,0.021
1786,1,0,2,0,3,0.050,0,0,0.050
1787,1,0,2,0,3,0.055,0,0,0.055
1788,1,0,2,0,2,0.036,0,0,0.036
1789,0,0,1,0,0,0.000,0,0,0.000
1790,5,2,4,8,11,0.051,2,0,0.128
1791,0,0,1,0,0,0.000,0,0,0.000
1792,16,7,8,31,112,0.117,5,1,0.498
1793,1,0,2,0,1,0.021,0,0,0.021
1794,1,0,2,0,2,0.031,0,0,0.031
1795,1,0,2,0,1,0.025,0,0,0.025
1796,1,0,2,0,15,0.197,0,0,0.197
1797,1,0,2,0,4,0.052,0,0,0.052
1798,0,0,1,0,0,0.000,0,0,0.000
1799,1,0,2,0,3,0.046,0,0,0.046
1800,1,0,2,0,1,0.021,0,0,0.021
1801,3,1,3,3,24,0.119,1,0,0.145
1802,5,2,4,7,24,0.084,2,0,0.124
1803,0,0,1,0,0,0.000,0,0,0.000
1804,1,0,2,0,1,0.025,0,0,0.025
1805,4,2,2,8,16,0.075,2,0,0.115
1806,1,0,2,0,0,0.015,0,0,0.015
1807,14,6,9,17,147,0.154,5,1,0.373
1808,1,0,2,0,19,0.230,0,0,0.230
1809,1,0,2,0,1,0.025,0,0,0.025
1810,1,0,2,0,4,0.056,0,0,0.056
1811,9,4,4,21,42,0.093,2,2,0.204
1812,1,0,2,0,0,0.010,0,0,0.010
1813,1,0,2,0,2,0.040,0,0,0.040
1814,1,0,2,0,2,0.036,0,0,0.036
1815,1,0,2,0,1,0.021,0,0,0.021
1816,1,0,2,0,8,0.107,0,0,0.107
1817,1,0,2,0,2,0.040,0,0,0.040
1818,5,2,4,7,19,0.070,2,0,0.193
1819,0,0,1,0,0,0.000,0,0,0.000
1820,1,0,2,0,2,0.044,0,0,0.044
1821,1,0,2,0,0,0.015,0,0,0.015
1822,1,0,2,0,2,0.036,0,0,0.036
1823,1,0,2,0,0,0.010,0,0,0.010
1824,1,0,2,0,1,0.029,0,0,0.029
1825,1,0,2,0,0,0.010,0,0,0.010
1826,1,0,2,0,0,0.015,0,0,0.015
1827,0,0,1,0,0,0.000,0,0,0.000
1828,1,0,2,0,6,0.090,0,0,0.090
1829,1,0,2,0,5,0.075,0,0,0.075
1830,5,2,3,9,24,0.089,1,1,0.172
1831,1,0,2,0,2,0.040,0,0,0.040
1832,1,0,2,0,1,0.025,0,0,0.025
1833,0,0,1,0,0,0.000,0,0,0.000
1834,1,0,2,0,0,0.010,0,0,0.010
1835,1,0,2,0,0,0.010,0,0,0.010
1836,0,0,1,0,0,0.000,0,0,0.000
1837,1,0,2,0,1,0.021,0,0,0.021
1838,1,0,2,0,10,0.132,0,0,0.132
1839,0,0,1,0,0,0.000,0,0,0.000
1840,1,0,2,0,3,0.042,0,0,0.042
1841,1,0,2,0,1,0.021,0,0,0.021
1842,1,0,2,0,2,0.040,0,0,0.040
1843,1,0,2,0,1,0.029,0,0,0.029
1844,5,2,4,5,13,0.052,2,0,0.111
1845,1,0,2,0,7,0.105,0,0,0.105
1846,1,0,2,0,0,0.010,0,0,0.010
1847,3,1,3,4,24,0.118,1,0,0.161
1848,1,0,2,0,5,0.075,0,0,0.075
1849,1,0,2,0,0,0.010,0,0,0.010
1850,1,0,2,0,3,0.042,0,0,0.042
1851,1,0,2,0,5,0.075,0,0,0.075
1852,7,3,5,8,29,0.073,3,0,0.231
1853,1,0,2,0,0,0.010,0,0,0.010
1854,1,0,2,0,3,0.050,0,0,0.050
1855,1,0,2,0,4,0.069,0,0,0.069
1856,1,0,2,0,0,0.010,0,0,0.010
1857,1,0,2,0,1,0.025,0,0,0.025
1858,1,0,2,0,1,0.025,0,0,0.025
1859,0,0,1,0,0,0.000,0,0,0.000
1860,0,0,1,0,0,0.000,0,0,0.000
1861,0,0,1,0,0,0.000,0,0,0.000
1862,1,0,2,0,2,0.040,0,0,0.040
1863,1,0,2,0,0,0.010,0,0,0.010
1864,1,0,2,0,0,0.010,0,0,0.010
1865,1,0,2,0,6,0.077,0,0,0.077
1866,1,0,2,0,10,0.132,0,0,0.132
1867,1,0,2,0,1,0.025,0,0,0.025
1868,3,1,3,9,14,0.098,1,0,0.136
1869,1,0,2,0,2,0.044,0,0,0.044
1870,1,0,2,0,16,0.199,0,0,0.199
1871,3,1,2,2,6,0.037,0,1,0.075
1872,1,0,2,0,1,0.021,0,0,0.021
1873,1,0,2,0,4,0.061,0,0,0.061
1874,0,0,1,0,0,0.000,0,0,0.000
1875,1,0,2,0,0,0.010,0,0,0.010
1876,9,4,6,17,32,0.069,4,0,0.144
1877,1,0,2,0,20,0.240,0,0,0.240
1878,1,0,2,0,11,0.142,0,0,0.142
1879,1,0,2,0,1,0.021,0,0,0.021
1880,1,0,2,0,0,0.015,0,0,0.015
1881,1,0,2,0,1,0.021,0,0,0.021
1882,1,0,2,0,13,0.159,0,0,0.159
1883,1,0,2,0,1,0.029,0,0,0.029
1884,3,1,3,3,20,0.100,1,0,0.138
1885,1,0,2,0,1,0.025,0,0,0.025
1886,1,0,2,0,0,0.010,0,0,0.010
1887,1,0,2,0,6,0.090,0,0,0.090
1888,0,0,1,0,0,0.000,0,0,0.000
1889,1,0,2,0,0,0.010,0,0,0.010
1890,1,0,2,0,6,0.077,0,0,0.077
1891,0,0,1,0,0,0.000,0,0,0.000
1892,0,0,1,0,0,0.000,0,0,0.000
1893,1,0,2,0,2,0.036,0,0,0.036
1894,1,0,2,0,3,0.050,0,0,0.050
1895,1,0,2,0,2,0.036,0,0,0.036
1896,1,0,2,0,4,0.061,0,0,0.061
1897,3,1,3,4,17,0.091,1,0,0.178
1898,3,1,3,4,45,0.203,1,0,0.251
1899,1,0,2,0,1,0.021,0,0,0.021
1900,5,2,4,4,25,0.074,2,0,0.180
1901,1,0,2,0,1,0.025,0,0,0.025
1902,1,0,2,0,0,0.010,0,0,0.010
1903,1,0,2,0,0,0.010,0,0,0.010
1904,1,0,2,0,1,0.025,0,0,0.025
1905,1,0,2,0,6,0.082,0,0,0.082
1906,1,0,2,0,0,0.010,0,0,0.010
1907,3,1,3,3,18,0.093,1,0,0.163
1908,1,0,2,0,0,0.015,0,0,0.015
1909,1,0,2,0,6,0.090,0,0,0.090
1910,1,0,2,0,0,0.015,0,0,0.015
1911,1,0,2,0,4,0.056,0,0,0.056
1912,1,0,2,0,1,0.025,0,0,0.025
1913,3,1,3,4,14,0.077,1,0,0.134
1914,1,0,2,0,3,0.046,0,0,0.046
1915,1,0,2,0,1,0.025,0,0,0.025
1916,1,0,2,0,0,0.010,0,0,0.010
1917,1,0,2,0,0,0.015,0,0,0.015
1918,1,0,2,0,0,0.010,0,0,0.010
1919,1,0,2,0,2,0.040,0,0,0.040
1920,0,0,1,0,0,0.000,0,0,0.000
1921,1,0,2,0,1,0.025,0,0,0.025
1922,0,0,1,0,0,0.000,0,0,0.000
1923,1,0,2,0,0,0.010,0,0,0.010
1924,1,0,2,0,0,0.015,0,0,0.015
1925,1,0,2,0,0,0.010,0,0,0.010
1926,1,0,2,0,15,0.184,0,0,0.184
1927,1,0,2,0,6,0.090,0,0,0.090
1928,5,2,4,6,9,0.041,2,0,0.067
1929,1,0,2,0,1,0.021,0,0,0.021
1930,3,1,2,5,7,0.058,0,1,0.082
1931,1,0,2,0,2,0.036,0,0,0.036
1932,1,0,2,0,1,0.029,0,0,0.029
1933,1,0,2,0,17,0.218,0,0,0.218
1934,1,0,2,0,1,0.025,0,0,0.025
1935,1,0,2,0,2,0.031,0,0,0.031
1936,1,0,2,0,1,0.021,0,0,0.021
1937,1,0,2,0,9,0.117,0,0,0.117
1938,1,0,2,0,4,0.065,0,0,0.065
1939,1,0,2,0,1,0.029,0,0,0.029
1940,1,0,2,0,2,0.040,0,0,0.040
1941,1,0,2,0,4,0.061,0,0,0.061
1942,1,0,2,0,0,0.015,0,0,0.015
1943,0,0,1,0,0,0.000,0,0,0.000
1944,1,0,2,0,0,0.010,0,0,0.010
1945,0,0,1,0,0,0.000,0,0,0.000
1946,0,0,1,0,0,0.000,0,0,0.000
1947,0,0,1,0,0,0.000,0,0,0.000
1948,1,0,2,0,9,0.104,0,0,0.104
1949,1,0,2,0,2,0.031,0,0,0.031
1950,1,0,2,0,0,0.010,0,0,0.010
